cons	==1	12490808 (100.0)	7902173 (100.00)	3397498 (100.00)	1191137 (100.00)

agegroup	==1	3032196 (24.3)	2061055 (26.08)	687528 (20.24)	283613 (23.81)
agegroup	==2	2886627 (23.1)	1339011 (16.94)	1430359 (42.10)	117257 (9.84)
agegroup	==3	2557818 (20.5)	1156579 (14.64)	963655 (28.36)	437584 (36.74)
agegroup	==4	2673513 (21.4)	2105108 (26.64)	248349 (7.31)	320056 (26.87)
agegroup	==5	1340654 (10.7)	1240420 (15.70)	67607 (1.99)	32627 (2.74)
agegroup	==6	0 (0.0)	0 (0.00)	0 (0.00)	0 (0.00)
agegroup	==7	0 (0.0)	0 (0.00)	0 (0.00)	0 (0.00)

male	==0	6237792 (49.9)	3690426 (46.70)	1912882 (56.30)	634484 (53.27)
male	==1	6253016 (50.1)	4211747 (53.30)	1484616 (43.70)	556653 (46.73)

bmicat	==1	235047 (1.9)	156473 (1.98)	60187 (1.77)	18387 (1.54)
bmicat	==2	3556712 (28.5)	2236625 (28.30)	1023709 (30.13)	296378 (24.88)
bmicat	==3	3099671 (24.8)	1919758 (24.29)	889544 (26.18)	290369 (24.38)
bmicat	==4	1584164 (12.7)	997595 (12.62)	432736 (12.74)	153833 (12.91)
bmicat	==5	650755 (5.2)	412847 (5.22)	175022 (5.15)	62886 (5.28)
bmicat	==6	352451 (2.8)	227206 (2.88)	91409 (2.69)	33836 (2.84)
bmicat	>=.	3012008 (24.1)	1951669 (24.70)	724891 (21.34)	335448 (28.16)

smoke	==1	5909499 (47.3)	3742798 (47.36)	1596772 (47.00)	569929 (47.85)
smoke	==2	3390537 (27.1)	2100574 (26.58)	968073 (28.49)	321890 (27.02)
smoke	==3	2512130 (20.1)	1629218 (20.62)	680028 (20.02)	202884 (17.03)
smoke	>=.	678642 (5.4)	429583 (5.44)	152625 (4.49)	96434 (8.10)

ethnicity	==1	7855794 (62.9)	5037927 (63.75)	2126397 (62.59)	691470 (58.05)
ethnicity	==2	167890 (1.3)	99147 (1.25)	54042 (1.59)	14701 (1.23)
ethnicity	==3	870824 (7.0)	404256 (5.12)	366134 (10.78)	100434 (8.43)
ethnicity	==4	323524 (2.6)	174047 (2.20)	115667 (3.40)	33810 (2.84)
ethnicity	==5	308906 (2.5)	192342 (2.43)	93719 (2.76)	22845 (1.92)
ethnicity	>=.	2963870 (23.7)	1994454 (25.24)	641539 (18.88)	327877 (27.53)

imd	==1	2483181 (19.9)	1558984 (19.73)	648250 (19.08)	275947 (23.17)
imd	==2	2497480 (20.0)	1632613 (20.66)	624920 (18.39)	239947 (20.14)
imd	==3	2549752 (20.4)	1668533 (21.11)	652814 (19.21)	228405 (19.18)
imd	==4	2638293 (21.1)	1669821 (21.13)	735142 (21.64)	233330 (19.59)
imd	==5	2322102 (18.6)	1372222 (17.37)	736372 (21.67)	213508 (17.92)

tot_adults_hh	==1	2921486 (23.4)	2302927 (29.14)	488821 (14.39)	129738 (10.89)
tot_adults_hh	==2	4949732 (39.6)	2668801 (33.77)	1819319 (53.55)	461612 (38.75)
tot_adults_hh	==3	4619590 (37.0)	2930445 (37.08)	1089358 (32.06)	599787 (50.35)

bpcat	==1	3199610 (25.6)	1775637 (22.47)	1116029 (32.85)	307944 (25.85)
bpcat	==2	1751078 (14.0)	1081376 (13.68)	506692 (14.91)	163010 (13.69)
bpcat	==3	3780732 (30.3)	2437331 (30.84)	975536 (28.71)	367865 (30.88)
bpcat	==4	2082585 (16.7)	1469098 (18.59)	415846 (12.24)	197641 (16.59)
bpcat	>=.	1676803 (13.4)	1138731 (14.41)	383395 (11.28)	154677 (12.99)
htdiag_or_highbp	==1	2871324 (23.0)	2079368 (26.31)	527104 (15.51)	264852 (22.24)

chronic_respiratory_disease	==1	234466 (1.9)	190431 (2.41)	27995 (0.82)	16040 (1.35)
asthma	==1	2103115 (16.8)	1309408 (16.57)	590638 (17.38)	203069 (17.05)
chronic_cardiac_disease	==1	338711 (2.7)	266608 (3.37)	46097 (1.36)	26006 (2.18)
diabetes	==1	788696 (6.3)	565760 (7.16)	150948 (4.44)	71988 (6.04)

cancer_haem_cat	==2	3124 (0.0)	2326 (0.03)	550 (0.02)	248 (0.02)
cancer_haem_cat	==3	9686 (0.1)	7320 (0.09)	1579 (0.05)	787 (0.07)
cancer_haem_cat	==4	25746 (0.2)	18866 (0.24)	4709 (0.14)	2171 (0.18)

cancer_exhaem_cat	==2	29183 (0.2)	22171 (0.28)	4386 (0.13)	2626 (0.22)
cancer_exhaem_cat	==3	83551 (0.7)	63660 (0.81)	12306 (0.36)	7585 (0.64)
cancer_exhaem_cat	==4	148178 (1.2)	117089 (1.48)	18669 (0.55)	12420 (1.04)

reduced_kidney_function_cat	==2	123640 (1.0)	103370 (1.31)	12121 (0.36)	8149 (0.68)
reduced_kidney_function_cat	==3	12147 (0.1)	9555 (0.12)	1663 (0.05)	929 (0.08)
chronic_liver_disease	==1	64411 (0.5)	49486 (0.63)	10675 (0.31)	4250 (0.36)
stroke_dementia	==1	92941 (0.7)	75000 (0.95)	11418 (0.34)	6523 (0.55)
other_neuro	==1	84093 (0.7)	64469 (0.82)	12845 (0.38)	6779 (0.57)
organ_trans	==1	13512 (0.1)	10216 (0.13)	2201 (0.06)	1095 (0.09)
asplenia	==1	14176 (0.1)	10278 (0.13)	2639 (0.08)	1259 (0.11)
ra_sle_psoriasis	==1	536887 (4.3)	349704 (4.43)	134733 (3.97)	52450 (4.40)
other_immuno	==1	40610 (0.3)	28526 (0.36)	8872 (0.26)	3212 (0.27)
shield	==1	2551614 (20.4)	1659371 (21.00)	653602 (19.24)	238641 (20.03)
