cons	==1	3469712 (100.0)	3359594 (100.00)	73264 (100.00)	36854 (100.00)

agegroup	==1	0 (0.0)	0 (0.00)	0 (0.00)	0 (0.00)
agegroup	==2	0 (0.0)	0 (0.00)	0 (0.00)	0 (0.00)
agegroup	==3	0 (0.0)	0 (0.00)	0 (0.00)	0 (0.00)
agegroup	==4	0 (0.0)	0 (0.00)	0 (0.00)	0 (0.00)
agegroup	==5	796797 (23.0)	757236 (22.54)	28244 (38.55)	11317 (30.71)
agegroup	==6	1724416 (49.7)	1671403 (49.75)	34616 (47.25)	18397 (49.92)
agegroup	==7	948499 (27.3)	930955 (27.71)	10404 (14.20)	7140 (19.37)

male	==0	1859697 (53.6)	1801891 (53.63)	38684 (52.80)	19122 (51.89)
male	==1	1610015 (46.4)	1557703 (46.37)	34580 (47.20)	17732 (48.11)

bmicat	==1	57563 (1.7)	56092 (1.67)	942 (1.29)	529 (1.44)
bmicat	==2	981169 (28.3)	954818 (28.42)	17666 (24.11)	8685 (23.57)
bmicat	==3	1234186 (35.6)	1196918 (35.63)	24611 (33.59)	12657 (34.34)
bmicat	==4	607885 (17.5)	587146 (17.48)	13875 (18.94)	6864 (18.62)
bmicat	==5	199972 (5.8)	192639 (5.73)	4726 (6.45)	2607 (7.07)
bmicat	==6	77544 (2.2)	74448 (2.22)	2030 (2.77)	1066 (2.89)
bmicat	>=.	311393 (9.0)	297533 (8.86)	9414 (12.85)	4446 (12.06)

smoke	==1	1383513 (39.9)	1331872 (39.64)	35427 (48.36)	16214 (44.00)
smoke	==2	1778168 (51.2)	1733725 (51.61)	28314 (38.65)	16129 (43.76)
smoke	==3	286865 (8.3)	275549 (8.20)	7479 (10.21)	3837 (10.41)
smoke	>=.	21166 (0.6)	18448 (0.55)	2044 (2.79)	674 (1.83)

ethnicity	==1	2404539 (69.3)	2347705 (69.88)	36167 (49.37)	20667 (56.08)
ethnicity	==2	9726 (0.3)	8606 (0.26)	768 (1.05)	352 (0.96)
ethnicity	==3	90144 (2.6)	68075 (2.03)	16602 (22.66)	5467 (14.83)
ethnicity	==4	27193 (0.8)	23563 (0.70)	2508 (3.42)	1122 (3.04)
ethnicity	==5	21248 (0.6)	18382 (0.55)	2094 (2.86)	772 (2.09)
ethnicity	>=.	916862 (26.4)	893263 (26.59)	15125 (20.64)	8474 (22.99)

imd	==1	870006 (25.1)	849561 (25.29)	13017 (17.77)	7428 (20.16)
imd	==2	819958 (23.6)	798651 (23.77)	13959 (19.05)	7348 (19.94)
imd	==3	745010 (21.5)	721965 (21.49)	15173 (20.71)	7872 (21.36)
imd	==4	604978 (17.4)	580967 (17.29)	16361 (22.33)	7650 (20.76)
imd	==5	429760 (12.4)	408450 (12.16)	14754 (20.14)	6556 (17.79)

tot_adults_hh	==1	1195868 (34.5)	1191647 (35.47)	2181 (2.98)	2040 (5.54)
tot_adults_hh	==2	1774101 (51.1)	1752781 (52.17)	12184 (16.63)	9136 (24.79)
tot_adults_hh	==3	499743 (14.4)	415166 (12.36)	58899 (80.39)	25678 (69.67)

bpcat	==1	390053 (11.2)	376991 (11.22)	8808 (12.02)	4254 (11.54)
bpcat	==2	529449 (15.3)	513064 (15.27)	10977 (14.98)	5408 (14.67)
bpcat	==3	1265248 (36.5)	1225983 (36.49)	26098 (35.62)	13167 (35.73)
bpcat	==4	1256168 (36.2)	1218887 (36.28)	24257 (33.11)	13024 (35.34)
bpcat	>=.	28794 (0.8)	24669 (0.73)	3124 (4.26)	1001 (2.72)
htdiag_or_highbp	==1	2417815 (69.7)	2344989 (69.80)	47732 (65.15)	25094 (68.09)

chronic_respiratory_disease	==1	409370 (11.8)	397702 (11.84)	7353 (10.04)	4315 (11.71)
asthma	==1	449805 (13.0)	434640 (12.94)	10094 (13.78)	5071 (13.76)
chronic_cardiac_disease	==1	719379 (20.7)	697915 (20.77)	13867 (18.93)	7597 (20.61)

diabcat	==1	2693245 (77.6)	2617303 (77.91)	49833 (68.02)	26109 (70.84)
diabcat	==2	4528 (0.1)	4408 (0.13)	80 (0.11)	40 (0.11)
diabcat	==3	9314 (0.3)	9067 (0.27)	154 (0.21)	93 (0.25)
diabcat	==4	413866 (11.9)	396707 (11.81)	11655 (15.91)	5504 (14.93)
diabcat	==5	187048 (5.4)	177012 (5.27)	7030 (9.60)	3006 (8.16)
diabcat	==6	2483 (0.1)	2256 (0.07)	164 (0.22)	63 (0.17)

cancer_haem_cat	==2	4899 (0.1)	4779 (0.14)	79 (0.11)	41 (0.11)
cancer_haem_cat	==3	15248 (0.4)	14860 (0.44)	236 (0.32)	152 (0.41)
cancer_haem_cat	==4	30869 (0.9)	30117 (0.90)	488 (0.67)	264 (0.72)

cancer_exhaem_cat	==2	41353 (1.2)	40270 (1.20)	715 (0.98)	368 (1.00)
cancer_exhaem_cat	==3	123325 (3.6)	120218 (3.58)	2008 (2.74)	1099 (2.98)
cancer_exhaem_cat	==4	330220 (9.5)	323323 (9.62)	4299 (5.87)	2598 (7.05)

reduced_kidney_function_cat	==2	747435 (21.5)	728873 (21.70)	11663 (15.92)	6899 (18.72)
reduced_kidney_function_cat	==3	54387 (1.6)	52670 (1.57)	1120 (1.53)	597 (1.62)
esrd	==1	8516 (0.2)	8082 (0.24)	300 (0.41)	134 (0.36)
chronic_liver_disease	==1	31717 (0.9)	30654 (0.91)	683 (0.93)	380 (1.03)
stroke_dementia	==1	251918 (7.3)	244807 (7.29)	4575 (6.24)	2536 (6.88)
other_neuro	==1	67022 (1.9)	65142 (1.94)	1242 (1.70)	638 (1.73)
other_transplant	==1	1117 (0.0)	1063 (0.03)	36 (0.05)	18 (0.05)
asplenia	==1	8535 (0.2)	8327 (0.25)	129 (0.18)	79 (0.21)
ra_sle_psoriasis	==1	263705 (7.6)	256461 (7.63)	4632 (6.32)	2612 (7.09)
other_immuno	==1	6737 (0.2)	6484 (0.19)	168 (0.23)	85 (0.23)
shield	==1	1191362 (34.3)	1157823 (34.46)	21690 (29.61)	11849 (32.15)
