cons	==1	6023 (100.0)	689 (11.44)	4893 (81.24)	441 (7.32)

agegroup	==1	1167 (19.4)	132 (11.31)	949 (81.32)	86 (7.37)
agegroup	==2	984 (16.3)	103 (10.47)	795 (80.79)	86 (8.74)
agegroup	==3	945 (15.7)	104 (11.01)	770 (81.48)	71 (7.51)
agegroup	==4	1053 (17.5)	121 (11.49)	861 (81.77)	71 (6.74)
agegroup	==5	807 (13.4)	89 (11.03)	662 (82.03)	56 (6.94)
agegroup	==6	663 (11.0)	91 (13.73)	525 (79.19)	47 (7.09)
agegroup	==7	404 (6.7)	49 (12.13)	331 (81.93)	24 (5.94)

male	==0	3003 (49.9)	344 (11.46)	2442 (81.32)	217 (7.23)
male	==1	3020 (50.1)	345 (11.42)	2451 (81.16)	224 (7.42)

bmicat	==1	25 (0.4)	2 (8.00)	22 (88.00)	1 (4.00)
bmicat	==2	150 (2.5)	15 (10.00)	122 (81.33)	13 (8.67)
bmicat	==3	198 (3.3)	28 (14.14)	160 (80.81)	10 (5.05)
bmicat	==4	237 (3.9)	31 (13.08)	187 (78.90)	19 (8.02)
bmicat	==5	239 (4.0)	19 (7.95)	202 (84.52)	18 (7.53)
bmicat	==6	300 (5.0)	39 (13.00)	238 (79.33)	23 (7.67)
bmicat	>=.	4874 (80.9)	555 (11.39)	3962 (81.29)	357 (7.32)

smoke	==1	226 (3.8)	26 (11.50)	183 (80.97)	17 (7.52)
smoke	==2	125 (2.1)	14 (11.20)	105 (84.00)	6 (4.80)
smoke	==3	726 (12.1)	96 (13.22)	580 (79.89)	50 (6.89)
smoke	>=.	4946 (82.1)	553 (11.18)	4025 (81.38)	368 (7.44)

ethnicity	==1	3678 (61.1)	407 (11.07)	2985 (81.16)	286 (7.78)
ethnicity	==2	0 (0.0)	0 (   .)	0 (   .)	0 (   .)
ethnicity	==3	403 (6.7)	43 (10.67)	332 (82.38)	28 (6.95)
ethnicity	==4	0 (0.0)	0 (   .)	0 (   .)	0 (   .)
ethnicity	==5	462 (7.7)	63 (13.64)	371 (80.30)	28 (6.06)
ethnicity	>=.	1480 (24.6)	176 (11.89)	1205 (81.42)	99 (6.69)

imd	==1	4250 (70.6)	498 (11.72)	3444 (81.04)	308 (7.25)
imd	==2	0 (0.0)	0 (   .)	0 (   .)	0 (   .)
imd	==3	0 (0.0)	0 (   .)	0 (   .)	0 (   .)
imd	==4	1211 (20.1)	127 (10.49)	991 (81.83)	93 (7.68)
imd	==5	562 (9.3)	64 (11.39)	458 (81.49)	40 (7.12)

tot_people_hh	==1	84 (1.4)	84 (100.00)	0 (0.00)	0 (0.00)
tot_people_hh	==2	93 (1.5)	76 (81.72)	12 (12.90)	5 (5.38)
tot_people_hh	==3	139 (2.3)	89 (64.03)	38 (27.34)	12 (8.63)

bpcat	==1	0 (0.0)	0 (   .)	0 (   .)	0 (   .)
bpcat	==2	0 (0.0)	0 (   .)	0 (   .)	0 (   .)
bpcat	==3	8 (0.1)	0 (0.00)	8 (100.00)	0 (0.00)
bpcat	==4	5423 (90.0)	620 (11.43)	4408 (81.28)	395 (7.28)
bpcat	>=.	592 (9.8)	69 (11.66)	477 (80.57)	46 (7.77)
htdiag_or_highbp	==1	5548 (92.1)	633 (11.41)	4508 (81.25)	407 (7.34)

chronic_respiratory_disease	==1	1229 (20.4)	147 (11.96)	993 (80.80)	89 (7.24)

asthma	==1	477 (7.9)	48 (10.06)	395 (82.81)	34 (7.13)
asthma	==2	0 (0.0)	0 (   .)	0 (   .)	0 (   .)
chronic_cardiac_disease	==1	1214 (20.2)	131 (10.79)	996 (82.04)	87 (7.17)
diabetes	==1	1215 (20.2)	141 (11.60)	992 (81.65)	82 (6.75)

cancer_haem_cat	==2	0 (0.0)	0 (   .)	0 (   .)	0 (   .)
cancer_haem_cat	==3	93 (1.5)	12 (12.90)	78 (83.87)	3 (3.23)
cancer_haem_cat	==4	1109 (18.4)	123 (11.09)	908 (81.88)	78 (7.03)

cancer_exhaem_cat	==2	0 (0.0)	0 (   .)	0 (   .)	0 (   .)
cancer_exhaem_cat	==3	113 (1.9)	11 (9.73)	92 (81.42)	10 (8.85)
cancer_exhaem_cat	==4	1082 (18.0)	130 (12.01)	883 (81.61)	69 (6.38)

reduced_kidney_function_cat	==2	76 (1.3)	10 (13.16)	60 (78.95)	6 (7.89)
reduced_kidney_function_cat	==3	0 (0.0)	0 (   .)	0 (   .)	0 (   .)
chronic_liver_disease	==1	1200 (19.9)	141 (11.75)	975 (81.25)	84 (7.00)
stroke_dementia	==1	1156 (19.2)	149 (12.89)	912 (78.89)	95 (8.22)
other_neuro	==1	1228 (20.4)	135 (10.99)	1001 (81.51)	92 (7.49)
organ_trans	==1	1244 (20.7)	161 (12.94)	991 (79.66)	92 (7.40)
asplenia	==1	1223 (20.3)	150 (12.26)	971 (79.39)	102 (8.34)
ra_sle_psoriasis	==1	1208 (20.1)	134 (11.09)	1001 (82.86)	73 (6.04)
other_immuno	==1	2178 (36.2)	256 (11.75)	1751 (80.39)	171 (7.85)
shield	==1	4889 (81.2)	582 (11.90)	3947 (80.73)	360 (7.36)
worms	==1	820 (13.6)	103 (12.56)	668 (81.46)	49 (5.98)
