cons	==1	4859 (100.0)	585 (12.04)	3902 (80.30)	372 (7.66)

agegroup	==1	929 (19.1)	130 (13.99)	731 (78.69)	68 (7.32)
agegroup	==2	837 (17.2)	80 (9.56)	681 (81.36)	76 (9.08)
agegroup	==3	786 (16.2)	96 (12.21)	635 (80.79)	55 (7.00)
agegroup	==4	849 (17.5)	110 (12.96)	671 (79.03)	68 (8.01)
agegroup	==5	644 (13.3)	79 (12.27)	516 (80.12)	49 (7.61)
agegroup	==6	495 (10.2)	55 (11.11)	402 (81.21)	38 (7.68)
agegroup	==7	319 (6.6)	35 (10.97)	266 (83.39)	18 (5.64)

male	==0	2477 (51.0)	308 (12.43)	1992 (80.42)	177 (7.15)
male	==1	2382 (49.0)	277 (11.63)	1910 (80.18)	195 (8.19)

bmicat	==1	28 (0.6)	3 (10.71)	23 (82.14)	2 (7.14)
bmicat	==2	80 (1.6)	13 (16.25)	60 (75.00)	7 (8.75)
bmicat	==3	120 (2.5)	18 (15.00)	87 (72.50)	15 (12.50)
bmicat	==4	182 (3.7)	23 (12.64)	144 (79.12)	15 (8.24)
bmicat	==5	189 (3.9)	20 (10.58)	150 (79.37)	19 (10.05)
bmicat	==6	218 (4.5)	24 (11.01)	173 (79.36)	21 (9.63)
bmicat	>=.	4042 (83.2)	484 (11.97)	3265 (80.78)	293 (7.25)

smoke	==1	202 (4.2)	23 (11.39)	165 (81.68)	14 (6.93)
smoke	==2	99 (2.0)	10 (10.10)	82 (82.83)	7 (7.07)
smoke	==3	581 (12.0)	78 (13.43)	454 (78.14)	49 (8.43)
smoke	>=.	3977 (81.8)	474 (11.92)	3201 (80.49)	302 (7.59)

ethnicity	==1	2939 (60.5)	356 (12.11)	2347 (79.86)	236 (8.03)
ethnicity	==2	0 (0.0)	0 (   .)	0 (   .)	0 (   .)
ethnicity	==3	351 (7.2)	36 (10.26)	292 (83.19)	23 (6.55)
ethnicity	==4	0 (0.0)	0 (   .)	0 (   .)	0 (   .)
ethnicity	==5	371 (7.6)	45 (12.13)	298 (80.32)	28 (7.55)
ethnicity	>=.	1198 (24.7)	148 (12.35)	965 (80.55)	85 (7.10)

imd	==1	3427 (70.5)	417 (12.17)	2765 (80.68)	245 (7.15)
imd	==2	0 (0.0)	0 (   .)	0 (   .)	0 (   .)
imd	==3	0 (0.0)	0 (   .)	0 (   .)	0 (   .)
imd	==4	991 (20.4)	111 (11.20)	797 (80.42)	83 (8.38)
imd	==5	441 (9.1)	57 (12.93)	340 (77.10)	44 (9.98)

tot_people_hh	==1	65 (1.3)	65 (100.00)	0 (0.00)	0 (0.00)
tot_people_hh	==2	106 (2.2)	82 (77.36)	14 (13.21)	10 (9.43)
tot_people_hh	==3	90 (1.9)	60 (66.67)	22 (24.44)	8 (8.89)

bpcat	==1	0 (0.0)	0 (   .)	0 (   .)	0 (   .)
bpcat	==2	0 (0.0)	0 (   .)	0 (   .)	0 (   .)
bpcat	==3	7 (0.1)	0 (0.00)	7 (100.00)	0 (0.00)
bpcat	==4	4367 (89.9)	535 (12.25)	3496 (80.05)	336 (7.69)
bpcat	>=.	485 (10.0)	50 (10.31)	399 (82.27)	36 (7.42)
htdiag_or_highbp	==1	4474 (92.1)	551 (12.32)	3578 (79.97)	345 (7.71)

chronic_respiratory_disease	==1	971 (20.0)	125 (12.87)	767 (78.99)	79 (8.14)

asthma	==1	408 (8.4)	45 (11.03)	335 (82.11)	28 (6.86)
asthma	==2	0 (0.0)	0 (   .)	0 (   .)	0 (   .)
chronic_cardiac_disease	==1	1000 (20.6)	124 (12.40)	797 (79.70)	79 (7.90)
diabetes	==1	970 (20.0)	112 (11.55)	794 (81.86)	64 (6.60)

cancer_haem_cat	==2	22 (0.5)	4 (18.18)	17 (77.27)	1 (4.55)
cancer_haem_cat	==3	73 (1.5)	6 (8.22)	61 (83.56)	6 (8.22)
cancer_haem_cat	==4	896 (18.4)	104 (11.61)	735 (82.03)	57 (6.36)

cancer_exhaem_cat	==2	18 (0.4)	3 (16.67)	13 (72.22)	2 (11.11)
cancer_exhaem_cat	==3	94 (1.9)	13 (13.83)	71 (75.53)	10 (10.64)
cancer_exhaem_cat	==4	866 (17.8)	103 (11.89)	700 (80.83)	63 (7.27)

reduced_kidney_function_cat	==2	52 (1.1)	4 (7.69)	44 (84.62)	4 (7.69)
reduced_kidney_function_cat	==3	0 (0.0)	0 (   .)	0 (   .)	0 (   .)
chronic_liver_disease	==1	962 (19.8)	108 (11.23)	780 (81.08)	74 (7.69)
stroke_dementia	==1	986 (20.3)	128 (12.98)	789 (80.02)	69 (7.00)
other_neuro	==1	975 (20.1)	129 (13.23)	775 (79.49)	71 (7.28)
organ_trans	==1	1001 (20.6)	121 (12.09)	811 (81.02)	69 (6.89)
asplenia	==1	947 (19.5)	109 (11.51)	765 (80.78)	73 (7.71)
ra_sle_psoriasis	==1	981 (20.2)	122 (12.44)	793 (80.84)	66 (6.73)
other_immuno	==1	1789 (36.8)	207 (11.57)	1456 (81.39)	126 (7.04)
shield	==1	3960 (81.5)	478 (12.07)	3186 (80.45)	296 (7.47)
