cons	==1	16340834 (100.0)	11475855 (70.23)	3616327 (22.13)	1248652 (7.64)

agegroup	==1	3113091 (19.1)	2086443 (67.02)	732561 (23.53)	294087 (9.45)
agegroup	==2	2947941 (18.0)	1354207 (45.94)	1473419 (49.98)	120315 (4.08)
agegroup	==3	2596167 (15.9)	1165019 (44.87)	990807 (38.16)	440341 (16.96)
agegroup	==4	2696558 (16.5)	2112826 (78.35)	261682 (9.70)	322050 (11.94)
agegroup	==5	2163285 (13.2)	2012890 (93.05)	105459 (4.87)	44936 (2.08)
agegroup	==6	1765739 (10.8)	1706604 (96.65)	39893 (2.26)	19242 (1.09)
agegroup	==7	1058053 (6.5)	1037866 (98.09)	12506 (1.18)	7681 (0.73)

male	==0	8295777 (50.8)	5614945 (67.68)	2018896 (24.34)	661936 (7.98)
male	==1	8045057 (49.2)	5860910 (72.85)	1597431 (19.86)	586716 (7.29)

bmicat	==1	311277 (1.9)	226989 (72.92)	64613 (20.76)	19675 (6.32)
bmicat	==2	4666243 (28.6)	3273513 (70.15)	1081146 (23.17)	311584 (6.68)
bmicat	==3	4421741 (27.1)	3167537 (71.64)	947596 (21.43)	306608 (6.93)
bmicat	==4	2230841 (13.7)	1606260 (72.00)	462344 (20.73)	162237 (7.27)
bmicat	==5	863897 (5.3)	612552 (70.91)	185355 (21.46)	65990 (7.64)
bmicat	==6	435638 (2.7)	304603 (69.92)	95927 (22.02)	35108 (8.06)
bmicat	>=.	3411197 (20.9)	2284401 (66.97)	779346 (22.85)	347450 (10.19)

smoke	==1	7474961 (45.7)	5166304 (69.11)	1710529 (22.88)	598128 (8.00)
smoke	==2	5276611 (32.3)	3919743 (74.29)	1016500 (19.26)	340368 (6.45)
smoke	==3	2853987 (17.5)	1928510 (67.57)	715576 (25.07)	209901 (7.35)
smoke	>=.	735275 (4.5)	461298 (62.74)	173722 (23.63)	100255 (13.64)

ethnicity	==1	10468113 (64.1)	7533602 (71.97)	2213925 (21.15)	720586 (6.88)
ethnicity	==2	183139 (1.1)	109724 (59.91)	57807 (31.56)	15608 (8.52)
ethnicity	==3	1026223 (6.3)	481846 (46.95)	433606 (42.25)	110771 (10.79)
ethnicity	==4	362669 (2.2)	201353 (55.52)	125267 (34.54)	36049 (9.94)
ethnicity	==5	347422 (2.1)	217118 (62.49)	104477 (30.07)	25827 (7.43)
ethnicity	>=.	3953268 (24.2)	2932212 (74.17)	681245 (17.23)	339811 (8.60)

imd	==1	3445723 (21.1)	2486779 (72.17)	672620 (19.52)	286324 (8.31)
imd	==2	3387653 (20.7)	2477534 (73.13)	657011 (19.39)	253108 (7.47)
imd	==3	3410175 (20.9)	2460838 (72.16)	706020 (20.70)	243317 (7.14)
imd	==4	3277920 (20.1)	2250336 (68.65)	785538 (23.96)	242046 (7.38)
imd	==5	2819363 (17.3)	1800368 (63.86)	795138 (28.20)	223857 (7.94)

tot_people_hh	==1	3505931 (21.5)	3505931 (100.00)	0 (0.00)	0 (0.00)
tot_people_hh	==2	4756713 (29.1)	4434566 (93.23)	226325 (4.76)	95822 (2.01)
tot_people_hh	==3	3024033 (18.5)	1892794 (62.59)	800784 (26.48)	330455 (10.93)

bpcat	==1	3681738 (22.5)	2202466 (59.82)	1162639 (31.58)	316633 (8.60)
bpcat	==2	2332002 (14.3)	1626618 (69.75)	534791 (22.93)	170593 (7.32)
bpcat	==3	5139719 (31.5)	3718225 (72.34)	1036433 (20.17)	385061 (7.49)
bpcat	==4	3407786 (20.9)	2737301 (80.32)	457683 (13.43)	212802 (6.24)
bpcat	>=.	1779589 (10.9)	1191245 (66.94)	424781 (23.87)	163563 (9.19)
htdiag_or_highbp	==1	5435258 (33.3)	4540529 (83.54)	601470 (11.07)	293259 (5.40)

chronic_respiratory_disease	==1	668456 (4.1)	610498 (91.33)	37326 (5.58)	20632 (3.09)

asthma	==1	2588461 (15.8)	1765585 (68.21)	613075 (23.68)	209801 (8.11)
asthma	==2	0 (0.0)	0 (   .)	0 (   .)	0 (   .)
chronic_cardiac_disease	==1	1107121 (6.8)	1008645 (91.11)	64331 (5.81)	34145 (3.08)
diabetes	==1	1641106 (10.0)	1366307 (83.26)	190279 (11.59)	84520 (5.15)

cancer_haem_cat	==2	8272 (0.1)	7318 (88.47)	659 (7.97)	295 (3.57)
cancer_haem_cat	==3	25572 (0.2)	22735 (88.91)	1891 (7.39)	946 (3.70)
cancer_haem_cat	==4	58275 (0.4)	50462 (86.59)	5365 (9.21)	2448 (4.20)

cancer_exhaem_cat	==2	72840 (0.4)	64500 (88.55)	5315 (7.30)	3025 (4.15)
cancer_exhaem_cat	==3	212154 (1.3)	188535 (88.87)	14867 (7.01)	8752 (4.13)
cancer_exhaem_cat	==4	496556 (3.0)	457439 (92.12)	23922 (4.82)	15195 (3.06)

reduced_kidney_function_cat	==2	928601 (5.7)	886992 (95.52)	26168 (2.82)	15441 (1.66)
reduced_kidney_function_cat	==3	73352 (0.4)	68685 (93.64)	3084 (4.20)	1583 (2.16)
chronic_liver_disease	==1	98959 (0.6)	82290 (83.16)	11983 (12.11)	4686 (4.74)
stroke_dementia	==1	388015 (2.4)	361521 (93.17)	17222 (4.44)	9272 (2.39)
other_neuro	==1	163722 (1.0)	141617 (86.50)	14598 (8.92)	7507 (4.59)
organ_trans	==1	18632 (0.1)	14989 (80.45)	2468 (13.25)	1175 (6.31)
asplenia	==1	23155 (0.1)	18946 (81.82)	2856 (12.33)	1353 (5.84)
ra_sle_psoriasis	==1	816225 (5.0)	618155 (75.73)	142642 (17.48)	55428 (6.79)
other_immuno	==1	48171 (0.3)	35474 (73.64)	9350 (19.41)	3347 (6.95)
shield	==1	3817169 (23.4)	2873699 (75.28)	690856 (18.10)	252614 (6.62)
