cons	==1	3489829 (100.0)	3379769 (100.00)	73301 (100.00)	36759 (100.00)

agegroup	==1	0 (0.0)	0 (0.00)	0 (0.00)	0 (0.00)
agegroup	==2	0 (0.0)	0 (0.00)	0 (0.00)	0 (0.00)
agegroup	==3	0 (0.0)	0 (0.00)	0 (0.00)	0 (0.00)
agegroup	==4	0 (0.0)	0 (0.00)	0 (0.00)	0 (0.00)
agegroup	==5	797869 (22.9)	758173 (22.43)	28399 (38.74)	11297 (30.73)
agegroup	==6	1729904 (49.6)	1676907 (49.62)	34621 (47.23)	18376 (49.99)
agegroup	==7	962056 (27.6)	944689 (27.95)	10281 (14.03)	7086 (19.28)

male	==0	1871868 (53.6)	1814163 (53.68)	38684 (52.77)	19021 (51.75)
male	==1	1617961 (46.4)	1565606 (46.32)	34617 (47.23)	17738 (48.25)

bmicat	==1	59559 (1.7)	58085 (1.72)	943 (1.29)	531 (1.44)
bmicat	==2	991006 (28.4)	964635 (28.54)	17736 (24.20)	8635 (23.49)
bmicat	==3	1239012 (35.5)	1201840 (35.56)	24548 (33.49)	12624 (34.34)
bmicat	==4	609753 (17.5)	589032 (17.43)	13856 (18.90)	6865 (18.68)
bmicat	==5	200575 (5.7)	193244 (5.72)	4741 (6.47)	2590 (7.05)
bmicat	==6	77983 (2.2)	74865 (2.22)	2057 (2.81)	1061 (2.89)
bmicat	>=.	311941 (8.9)	298068 (8.82)	9420 (12.85)	4453 (12.11)

smoke	==1	1391736 (39.9)	1340030 (39.65)	35483 (48.41)	16223 (44.13)
smoke	==2	1788526 (51.2)	1744237 (51.61)	28236 (38.52)	16053 (43.67)
smoke	==3	288328 (8.3)	276992 (8.20)	7535 (10.28)	3801 (10.34)
smoke	>=.	21239 (0.6)	18510 (0.55)	2047 (2.79)	682 (1.86)

ethnicity	==1	2418927 (69.3)	2362396 (69.90)	36012 (49.13)	20519 (55.82)
ethnicity	==2	9775 (0.3)	8650 (0.26)	762 (1.04)	363 (0.99)
ethnicity	==3	90164 (2.6)	67918 (2.01)	16756 (22.86)	5490 (14.94)
ethnicity	==4	27280 (0.8)	23610 (0.70)	2528 (3.45)	1142 (3.11)
ethnicity	==5	21306 (0.6)	18416 (0.54)	2114 (2.88)	776 (2.11)
ethnicity	>=.	922377 (26.4)	898779 (26.59)	15129 (20.64)	8469 (23.04)

imd	==1	873864 (25.0)	853562 (25.26)	12949 (17.67)	7353 (20.00)
imd	==2	824723 (23.6)	803416 (23.77)	13981 (19.07)	7326 (19.93)
imd	==3	749221 (21.5)	726148 (21.49)	15202 (20.74)	7871 (21.41)
imd	==4	609457 (17.5)	585487 (17.32)	16323 (22.27)	7647 (20.80)
imd	==5	432564 (12.4)	411156 (12.17)	14846 (20.25)	6562 (17.85)

tot_adults_hh	==1	1204801 (34.5)	1200657 (35.52)	2139 (2.92)	2005 (5.45)
tot_adults_hh	==2	1783758 (51.1)	1762632 (52.15)	12035 (16.42)	9091 (24.73)
tot_adults_hh	==3	501270 (14.4)	416480 (12.32)	59127 (80.66)	25663 (69.81)

bpcat	==1	393715 (11.3)	380576 (11.26)	8892 (12.13)	4247 (11.55)
bpcat	==2	532889 (15.3)	516525 (15.28)	10961 (14.95)	5403 (14.70)
bpcat	==3	1271356 (36.4)	1232075 (36.45)	26147 (35.67)	13134 (35.73)
bpcat	==4	1262994 (36.2)	1225880 (36.27)	24153 (32.95)	12961 (35.26)
bpcat	>=.	28875 (0.8)	24713 (0.73)	3148 (4.29)	1014 (2.76)
htdiag_or_highbp	==1	2434256 (69.8)	2361531 (69.87)	47695 (65.07)	25030 (68.09)

chronic_respiratory_disease	==1	413230 (11.8)	401537 (11.88)	7398 (10.09)	4295 (11.68)
asthma	==1	452731 (13.0)	437525 (12.95)	10131 (13.82)	5075 (13.81)
chronic_cardiac_disease	==1	728119 (20.9)	706577 (20.91)	13935 (19.01)	7607 (20.69)

diabcat	==1	2707793 (77.6)	2632002 (77.88)	49796 (67.93)	25995 (70.72)
diabcat	==2	4559 (0.1)	4439 (0.13)	78 (0.11)	42 (0.11)
diabcat	==3	9411 (0.3)	9169 (0.27)	151 (0.21)	91 (0.25)
diabcat	==4	416800 (11.9)	399594 (11.82)	11706 (15.97)	5500 (14.96)
diabcat	==5	188459 (5.4)	178379 (5.28)	7046 (9.61)	3034 (8.25)
diabcat	==6	2506 (0.1)	2279 (0.07)	164 (0.22)	63 (0.17)

cancer_haem_cat	==2	4958 (0.1)	4835 (0.14)	81 (0.11)	42 (0.11)
cancer_haem_cat	==3	15342 (0.4)	14956 (0.44)	239 (0.33)	147 (0.40)
cancer_haem_cat	==4	31093 (0.9)	30344 (0.90)	489 (0.67)	260 (0.71)

cancer_exhaem_cat	==2	41833 (1.2)	40773 (1.21)	705 (0.96)	355 (0.97)
cancer_exhaem_cat	==3	124197 (3.6)	121093 (3.58)	2006 (2.74)	1098 (2.99)
cancer_exhaem_cat	==4	332719 (9.5)	325835 (9.64)	4294 (5.86)	2590 (7.05)

reduced_kidney_function_cat	==2	754969 (21.6)	736452 (21.79)	11649 (15.89)	6868 (18.68)
reduced_kidney_function_cat	==3	55400 (1.6)	53691 (1.59)	1114 (1.52)	595 (1.62)
esrd	==1	8636 (0.2)	8201 (0.24)	305 (0.42)	130 (0.35)
chronic_liver_disease	==1	32139 (0.9)	31049 (0.92)	714 (0.97)	376 (1.02)
stroke_dementia	==1	258001 (7.4)	250859 (7.42)	4600 (6.28)	2542 (6.92)
other_neuro	==1	68473 (2.0)	66585 (1.97)	1252 (1.71)	636 (1.73)
other_transplant	==1	1127 (0.0)	1074 (0.03)	36 (0.05)	17 (0.05)
asplenia	==1	8587 (0.2)	8371 (0.25)	134 (0.18)	82 (0.22)
ra_sle_psoriasis	==1	265619 (7.6)	258380 (7.64)	4630 (6.32)	2609 (7.10)
other_immuno	==1	6817 (0.2)	6565 (0.19)	167 (0.23)	85 (0.23)
shield	==1	1202378 (34.5)	1168832 (34.58)	21735 (29.65)	11811 (32.13)
