cons	==1	3054487 (100.0)	2967797 (97.16)	56746 (1.86)	29944 (0.98)

agegroup	==1	0 (0.0)	0 (   .)	0 (   .)	0 (   .)
agegroup	==2	0 (0.0)	0 (   .)	0 (   .)	0 (   .)
agegroup	==3	0 (0.0)	0 (   .)	0 (   .)	0 (   .)
agegroup	==4	0 (0.0)	0 (   .)	0 (   .)	0 (   .)
agegroup	==5	586738 (19.2)	561061 (95.62)	18088 (3.08)	7589 (1.29)
agegroup	==6	1628608 (53.3)	1582319 (97.16)	30009 (1.84)	16280 (1.00)
agegroup	==7	839141 (27.5)	824417 (98.25)	8649 (1.03)	6075 (0.72)

male	==0	1648003 (54.0)	1602045 (97.21)	30170 (1.83)	15788 (0.96)
male	==1	1406484 (46.0)	1365752 (97.10)	26576 (1.89)	14156 (1.01)

bmicat	==1	54385 (1.8)	53126 (97.69)	775 (1.43)	484 (0.89)
bmicat	==2	881465 (28.9)	860220 (97.59)	14034 (1.59)	7211 (0.82)
bmicat	==3	1090549 (35.7)	1061021 (97.29)	19212 (1.76)	10316 (0.95)
bmicat	==4	527864 (17.3)	511756 (96.95)	10543 (2.00)	5565 (1.05)
bmicat	==5	169872 (5.6)	164175 (96.65)	3639 (2.14)	2058 (1.21)
bmicat	==6	64164 (2.1)	61811 (96.33)	1524 (2.38)	829 (1.29)
bmicat	>=.	266188 (8.7)	255688 (96.06)	7019 (2.64)	3481 (1.31)

smoke	==1	1224828 (40.1)	1183656 (96.64)	27827 (2.27)	13345 (1.09)
smoke	==2	1567299 (51.3)	1532186 (97.76)	22118 (1.41)	12995 (0.83)
smoke	==3	244382 (8.0)	235996 (96.57)	5298 (2.17)	3088 (1.26)
smoke	>=.	17978 (0.6)	15959 (88.77)	1503 (8.36)	516 (2.87)

ethnicity	==1	2110412 (69.1)	2065797 (97.89)	27921 (1.32)	16694 (0.79)
ethnicity	==2	8013 (0.3)	7156 (89.30)	575 (7.18)	282 (3.52)
ethnicity	==3	73284 (2.4)	56068 (76.51)	12833 (17.51)	4383 (5.98)
ethnicity	==4	22743 (0.7)	19895 (87.48)	1965 (8.64)	883 (3.88)
ethnicity	==5	17176 (0.6)	15013 (87.41)	1585 (9.23)	578 (3.37)
ethnicity	>=.	822859 (26.9)	803868 (97.69)	11867 (1.44)	7124 (0.87)

imd	==1	771792 (25.3)	755482 (97.89)	10371 (1.34)	5939 (0.77)
imd	==2	713988 (23.4)	697385 (97.67)	10670 (1.49)	5933 (0.83)
imd	==3	657768 (21.5)	639523 (97.23)	11889 (1.81)	6356 (0.97)
imd	==4	529849 (17.3)	511227 (96.49)	12323 (2.33)	6299 (1.19)
imd	==5	381090 (12.5)	364180 (95.56)	11493 (3.02)	5417 (1.42)

tot_adults_hh	==1	1096300 (35.9)	1092712 (99.67)	1832 (0.17)	1756 (0.16)
tot_adults_hh	==2	1563825 (51.2)	1546077 (98.87)	9866 (0.63)	7882 (0.50)
tot_adults_hh	==3	394362 (12.9)	329008 (83.43)	45048 (11.42)	20306 (5.15)

bpcat	==1	324989 (10.6)	315044 (96.94)	6558 (2.02)	3387 (1.04)
bpcat	==2	459046 (15.0)	446232 (97.21)	8378 (1.83)	4436 (0.97)
bpcat	==3	1087245 (35.6)	1056866 (97.21)	19870 (1.83)	10509 (0.97)
bpcat	==4	1158541 (37.9)	1128048 (97.37)	19641 (1.70)	10852 (0.94)
bpcat	>=.	24666 (0.8)	21607 (87.60)	2299 (9.32)	760 (3.08)
htdiag_or_highbp	==1	2180380 (71.4)	2121220 (97.29)	38215 (1.75)	20945 (0.96)

chronic_respiratory_disease	==1	375350 (12.3)	365543 (97.39)	6088 (1.62)	3719 (0.99)

asthma	==1	384192 (12.6)	372320 (96.91)	7783 (2.03)	4089 (1.06)
asthma	==2	0 (0.0)	0 (   .)	0 (   .)	0 (   .)
chronic_cardiac_disease	==1	674310 (22.1)	656087 (97.30)	11676 (1.73)	6547 (0.97)
diabcat	==1	2354480 (77.1)	2295554 (97.50)	37935 (1.61)	20991 (0.89)
diabcat	==2	3892 (0.1)	3788 (97.33)	72 (1.85)	32 (0.82)
diabcat	==3	7988 (0.3)	7787 (97.48)	122 (1.53)	79 (0.99)
diabcat	==4	377156 (12.3)	363000 (96.25)	9507 (2.52)	4649 (1.23)
diabcat	==5	165318 (5.4)	157351 (95.18)	5511 (3.33)	2456 (1.49)
diabcat	==6	2043 (0.1)	1888 (92.41)	112 (5.48)	43 (2.10)

cancer_haem_cat	==2	4493 (0.1)	4396 (97.84)	60 (1.34)	37 (0.82)
cancer_haem_cat	==3	14112 (0.5)	13780 (97.65)	204 (1.45)	128 (0.91)
cancer_haem_cat	==4	28514 (0.9)	27870 (97.74)	407 (1.43)	237 (0.83)

cancer_exhaem_cat	==2	37340 (1.2)	36485 (97.71)	577 (1.55)	278 (0.74)
cancer_exhaem_cat	==3	112100 (3.7)	109505 (97.69)	1647 (1.47)	948 (0.85)
cancer_exhaem_cat	==4	308225 (10.1)	302217 (98.05)	3724 (1.21)	2284 (0.74)

reduced_kidney_function_cat	==2	678269 (22.2)	662784 (97.72)	9569 (1.41)	5916 (0.87)
reduced_kidney_function_cat	==3	43336 (1.4)	42050 (97.03)	829 (1.91)	457 (1.05)
esrd	==1	7492 (0.2)	7151 (95.45)	232 (3.10)	109 (1.45)
chronic_liver_disease	==1	27185 (0.9)	26355 (96.95)	528 (1.94)	302 (1.11)
stroke_dementia	==1	241843 (7.9)	235570 (97.41)	3993 (1.65)	2280 (0.94)
other_neuro	==1	61989 (2.0)	60371 (97.39)	1068 (1.72)	550 (0.89)
other_transplant	==1	903 (0.0)	865 (95.79)	26 (2.88)	12 (1.33)
asplenia	==1	7557 (0.2)	7375 (97.59)	105 (1.39)	77 (1.02)
ra_sle_psoriasis	==1	234339 (7.7)	228581 (97.54)	3586 (1.53)	2172 (0.93)
other_immuno	==1	5317 (0.2)	5153 (96.92)	108 (2.03)	56 (1.05)
shield	==1	1077776 (35.3)	1050153 (97.44)	17597 (1.63)	10026 (0.93)
worms	==1	9674 (0.3)	9160 (94.69)	335 (3.46)	179 (1.85)
