cons	==1	12054790 (100.0)	7706461 (100.00)	3170883 (100.00)	1177446 (100.00)

agegroup	==1	2845170 (23.6)	1956680 (25.39)	609671 (19.23)	278819 (23.68)
agegroup	==2	2768104 (23.0)	1314744 (17.06)	1337393 (42.18)	115967 (9.85)
agegroup	==3	2495511 (20.7)	1132266 (14.69)	929659 (29.32)	433586 (36.82)
agegroup	==4	2624926 (21.8)	2075359 (26.93)	232431 (7.33)	317136 (26.93)
agegroup	==5	1321079 (11.0)	1227412 (15.93)	61729 (1.95)	31938 (2.71)
agegroup	==6	0 (0.0)	0 (0.00)	0 (0.00)	0 (0.00)
agegroup	==7	0 (0.0)	0 (0.00)	0 (0.00)	0 (0.00)

male	==0	6009141 (49.8)	3594576 (46.64)	1786354 (56.34)	628211 (53.35)
male	==1	6045649 (50.2)	4111885 (53.36)	1384529 (43.66)	549235 (46.65)

bmicat	==1	223686 (1.9)	150116 (1.95)	55501 (1.75)	18069 (1.53)
bmicat	==2	3406279 (28.3)	2163552 (28.07)	951229 (30.00)	291498 (24.76)
bmicat	==3	3003382 (24.9)	1882179 (24.42)	833585 (26.29)	287618 (24.43)
bmicat	==4	1543250 (12.8)	983148 (12.76)	407373 (12.85)	152729 (12.97)
bmicat	==5	635788 (5.3)	407750 (5.29)	165409 (5.22)	62629 (5.32)
bmicat	==6	345676 (2.9)	224827 (2.92)	87005 (2.74)	33844 (2.87)
bmicat	>=.	2896729 (24.0)	1894889 (24.59)	670781 (21.15)	331059 (28.12)

smoke	==1	5728099 (47.5)	3670302 (47.63)	1493743 (47.11)	564054 (47.90)
smoke	==2	3303232 (27.4)	2069952 (26.86)	913837 (28.82)	319443 (27.13)
smoke	==3	2429584 (20.2)	1592103 (20.66)	636641 (20.08)	200840 (17.06)
smoke	>=.	593875 (4.9)	374104 (4.85)	126662 (3.99)	93109 (7.91)

ethnicity	==1	7568414 (62.8)	4900584 (63.59)	1986115 (62.64)	681715 (57.90)
ethnicity	==2	158211 (1.3)	94230 (1.22)	49748 (1.57)	14233 (1.21)
ethnicity	==3	833178 (6.9)	393335 (5.10)	340673 (10.74)	99170 (8.42)
ethnicity	==4	306342 (2.5)	166703 (2.16)	106557 (3.36)	33082 (2.81)
ethnicity	==5	290505 (2.4)	182763 (2.37)	85561 (2.70)	22181 (1.88)
ethnicity	>=.	2898140 (24.0)	1968846 (25.55)	602229 (18.99)	327065 (27.78)

imd	==1	2296481 (19.1)	1455648 (18.89)	579706 (18.28)	261127 (22.18)
imd	==2	2408020 (20.0)	1585775 (20.58)	585581 (18.47)	236664 (20.10)
imd	==3	2476236 (20.5)	1639109 (21.27)	609622 (19.23)	227505 (19.32)
imd	==4	2560130 (21.2)	1643753 (21.33)	684885 (21.60)	231492 (19.66)
imd	==5	2313923 (19.2)	1382176 (17.94)	711089 (22.43)	220658 (18.74)

tot_adults_hh	==1	2828345 (23.5)	2233136 (28.98)	466032 (14.70)	129177 (10.97)
tot_adults_hh	==2	4796779 (39.8)	2612158 (33.90)	1723466 (54.35)	461155 (39.17)
tot_adults_hh	==3	4429666 (36.7)	2861167 (37.13)	981385 (30.95)	587114 (49.86)

bpcat	==1	3090816 (25.6)	1741100 (22.59)	1044088 (32.93)	305628 (25.96)
bpcat	==2	1701064 (14.1)	1063320 (13.80)	475932 (15.01)	161812 (13.74)
bpcat	==3	3688954 (30.6)	2401873 (31.17)	921957 (29.08)	365124 (31.01)
bpcat	==4	2039769 (16.9)	1449210 (18.81)	394454 (12.44)	196105 (16.66)
bpcat	>=.	1534187 (12.7)	1050958 (13.64)	334452 (10.55)	148777 (12.64)
htdiag_or_highbp	==1	2818539 (23.4)	2055174 (26.67)	500269 (15.78)	263096 (22.34)

chronic_respiratory_disease	==1	229190 (1.9)	187363 (2.43)	26055 (0.82)	15772 (1.34)
asthma	==1	2043019 (16.9)	1285759 (16.68)	555587 (17.52)	201673 (17.13)
chronic_cardiac_disease	==1	335299 (2.8)	265431 (3.44)	43762 (1.38)	26106 (2.22)

diabcat	==1	11307629 (93.8)	7166000 (92.99)	3033017 (95.65)	1108612 (94.15)
diabcat	==2	16423 (0.1)	11316 (0.15)	3764 (0.12)	1343 (0.11)
diabcat	==3	49194 (0.4)	34367 (0.45)	10353 (0.33)	4474 (0.38)
diabcat	==4	275002 (2.3)	208271 (2.70)	42902 (1.35)	23829 (2.02)
diabcat	==5	217094 (1.8)	161581 (2.10)	35125 (1.11)	20388 (1.73)
diabcat	==6	5483 (0.0)	3679 (0.05)	1328 (0.04)	476 (0.04)

cancer_haem_cat	==2	3056 (0.0)	2293 (0.03)	511 (0.02)	252 (0.02)
cancer_haem_cat	==3	9513 (0.1)	7259 (0.09)	1472 (0.05)	782 (0.07)
cancer_haem_cat	==4	25224 (0.2)	18583 (0.24)	4463 (0.14)	2178 (0.18)

cancer_exhaem_cat	==2	28605 (0.2)	21806 (0.28)	4187 (0.13)	2612 (0.22)
cancer_exhaem_cat	==3	82318 (0.7)	63119 (0.82)	11651 (0.37)	7548 (0.64)
cancer_exhaem_cat	==4	145941 (1.2)	115894 (1.50)	17700 (0.56)	12347 (1.05)

reduced_kidney_function_cat	==2	121759 (1.0)	102285 (1.33)	11396 (0.36)	8078 (0.69)
reduced_kidney_function_cat	==3	11918 (0.1)	9408 (0.12)	1581 (0.05)	929 (0.08)
esrd	==1	14323 (0.1)	10920 (0.14)	2268 (0.07)	1135 (0.10)
chronic_liver_disease	==1	63192 (0.5)	48762 (0.63)	10167 (0.32)	4263 (0.36)
stroke_dementia	==1	91834 (0.8)	74430 (0.97)	10881 (0.34)	6523 (0.55)
other_neuro	==1	82504 (0.7)	63479 (0.82)	12277 (0.39)	6748 (0.57)
other_transplant	==1	2824 (0.0)	2171 (0.03)	395 (0.01)	258 (0.02)
asplenia	==1	13861 (0.1)	10097 (0.13)	2520 (0.08)	1244 (0.11)
ra_sle_psoriasis	==1	526342 (4.4)	345817 (4.49)	128252 (4.04)	52273 (4.44)
other_immuno	==1	39223 (0.3)	27696 (0.36)	8350 (0.26)	3177 (0.27)
shield	==1	2486095 (20.6)	1633502 (21.20)	615412 (19.41)	237181 (20.14)
