cons	==1	11715468 (100.0)	7601466 (64.88)	3024206 (25.81)	1089796 (9.30)

agegroup	==1	2670619 (22.8)	1841313 (68.95)	584784 (21.90)	244522 (9.16)
agegroup	==2	2614399 (22.3)	1223014 (46.78)	1284267 (49.12)	107118 (4.10)
agegroup	==3	2419176 (20.6)	1122597 (46.40)	880421 (36.39)	416158 (17.20)
agegroup	==4	2544813 (21.7)	2040595 (80.19)	213523 (8.39)	290695 (11.42)
agegroup	==5	1466461 (12.5)	1373947 (93.69)	61211 (4.17)	31303 (2.13)
agegroup	==6	0 (0.0)	0 (   .)	0 (   .)	0 (   .)
agegroup	==7	0 (0.0)	0 (   .)	0 (   .)	0 (   .)

male	==0	5839089 (49.8)	3549939 (60.80)	1707747 (29.25)	581403 (9.96)
male	==1	5876379 (50.2)	4051527 (68.95)	1316459 (22.40)	508393 (8.65)

bmicat	==1	205962 (1.8)	139187 (67.58)	50678 (24.61)	16097 (7.82)
bmicat	==2	3273270 (27.9)	2104607 (64.30)	900134 (27.50)	268529 (8.20)
bmicat	==3	3008848 (25.7)	1927827 (64.07)	806921 (26.82)	274100 (9.11)
bmicat	==4	1564950 (13.4)	1017336 (65.01)	399012 (25.50)	148602 (9.50)
bmicat	==5	644862 (5.5)	420782 (65.25)	162675 (25.23)	61405 (9.52)
bmicat	==6	348656 (3.0)	229063 (65.70)	86240 (24.73)	33353 (9.57)
bmicat	>=.	2668920 (22.8)	1762664 (66.04)	618546 (23.18)	287710 (10.78)

smoke	==1	5568179 (47.5)	3611886 (64.87)	1426752 (25.62)	529541 (9.51)
smoke	==2	3264685 (27.9)	2086638 (63.92)	881323 (27.00)	296724 (9.09)
smoke	==3	2378565 (20.3)	1577542 (66.32)	610136 (25.65)	190887 (8.03)
smoke	>=.	504039 (4.3)	325400 (64.56)	105995 (21.03)	72644 (14.41)

ethnicity	==1	7433871 (63.5)	4891152 (65.80)	1908040 (25.67)	634679 (8.54)
ethnicity	==2	143016 (1.2)	85610 (59.86)	45147 (31.57)	12259 (8.57)
ethnicity	==3	776851 (6.6)	372382 (47.93)	315756 (40.65)	88713 (11.42)
ethnicity	==4	280930 (2.4)	154460 (54.98)	97956 (34.87)	28514 (10.15)
ethnicity	==5	255918 (2.2)	160641 (62.77)	76438 (29.87)	18839 (7.36)
ethnicity	>=.	2824882 (24.1)	1937221 (68.58)	580869 (20.56)	306792 (10.86)

imd	==1	2261933 (19.3)	1459978 (64.55)	561185 (24.81)	240770 (10.64)
imd	==2	2312987 (19.7)	1546150 (66.85)	551196 (23.83)	215641 (9.32)
imd	==3	2399724 (20.5)	1607174 (66.97)	580753 (24.20)	211797 (8.83)
imd	==4	2456993 (21.0)	1597883 (65.03)	645104 (26.26)	214006 (8.71)
imd	==5	2283831 (19.5)	1390281 (60.87)	685968 (30.04)	207582 (9.09)

tot_adults_hh	==1	2886490 (24.6)	2281635 (79.05)	473508 (16.40)	131347 (4.55)
tot_adults_hh	==2	4910515 (41.9)	2744791 (55.90)	1713564 (34.90)	452160 (9.21)
tot_adults_hh	==3	3918463 (33.4)	2575040 (65.72)	837134 (21.36)	506289 (12.92)

bpcat	==1	2972520 (25.4)	1687542 (56.77)	1004199 (33.78)	280779 (9.45)
bpcat	==2	1668256 (14.2)	1056287 (63.32)	460442 (27.60)	151527 (9.08)
bpcat	==3	3592380 (30.7)	2380273 (66.26)	873454 (24.31)	338653 (9.43)
bpcat	==4	2060219 (17.6)	1497189 (72.67)	377010 (18.30)	186020 (9.03)
bpcat	>=.	1422093 (12.1)	980175 (68.92)	309101 (21.74)	132817 (9.34)
htdiag_or_highbp	==1	2896499 (24.7)	2156794 (74.46)	486399 (16.79)	253306 (8.75)

chronic_respiratory_disease	==1	259011 (2.2)	214877 (82.96)	27552 (10.64)	16582 (6.40)

asthma	==1	1991448 (17.0)	1266313 (63.59)	536932 (26.96)	188203 (9.45)
asthma	==2	0 (0.0)	0 (   .)	0 (   .)	0 (   .)
chronic_cardiac_disease	==1	374867 (3.2)	302106 (80.59)	45691 (12.19)	27070 (7.22)
diabcat	==1	10915144 (93.2)	7010642 (64.23)	2883805 (26.42)	1020697 (9.35)
diabcat	==2	16279 (0.1)	11503 (70.66)	3529 (21.68)	1247 (7.66)
diabcat	==3	48436 (0.4)	33985 (70.16)	10163 (20.98)	4288 (8.85)
diabcat	==4	304814 (2.6)	235669 (77.32)	44551 (14.62)	24594 (8.07)
diabcat	==5	233094 (2.0)	175825 (75.43)	36362 (15.60)	20907 (8.97)
diabcat	==6	4893 (0.0)	3380 (69.08)	1130 (23.09)	383 (7.83)

cancer_haem_cat	==2	3264 (0.0)	2509 (76.87)	500 (15.32)	255 (7.81)
cancer_haem_cat	==3	10345 (0.1)	8020 (77.53)	1502 (14.52)	823 (7.96)
cancer_haem_cat	==4	26883 (0.2)	20217 (75.20)	4483 (16.68)	2183 (8.12)

cancer_exhaem_cat	==2	31565 (0.3)	24624 (78.01)	4323 (13.70)	2618 (8.29)
cancer_exhaem_cat	==3	92065 (0.8)	71968 (78.17)	12429 (13.50)	7668 (8.33)
cancer_exhaem_cat	==4	165729 (1.4)	134060 (80.89)	18917 (11.41)	12752 (7.69)

reduced_kidney_function_cat	==2	132872 (1.1)	113891 (85.71)	11217 (8.44)	7764 (5.84)
reduced_kidney_function_cat	==3	11438 (0.1)	9137 (79.88)	1461 (12.77)	840 (7.34)
esrd	==1	15047 (0.1)	11590 (77.03)	2327 (15.46)	1130 (7.51)
chronic_liver_disease	==1	65803 (0.6)	51464 (78.21)	10074 (15.31)	4265 (6.48)
stroke_dementia	==1	103119 (0.9)	84954 (82.38)	11378 (11.03)	6787 (6.58)
other_neuro	==1	86202 (0.7)	67121 (77.86)	12501 (14.50)	6580 (7.63)
other_transplant	==1	2977 (0.0)	2324 (78.07)	394 (13.23)	259 (8.70)
asplenia	==1	14426 (0.1)	10734 (74.41)	2519 (17.46)	1173 (8.13)
ra_sle_psoriasis	==1	541096 (4.6)	361647 (66.84)	128851 (23.81)	50598 (9.35)
other_immuno	==1	36613 (0.3)	25991 (70.99)	7831 (21.39)	2791 (7.62)
shield	==1	2492614 (21.3)	1667407 (66.89)	600290 (24.08)	224917 (9.02)
worms	==1	199745 (1.7)	110640 (55.39)	64198 (32.14)	24907 (12.47)
