cons	==1	3490197 (100.0)	3380121 (100.00)	73304 (100.00)	36772 (100.00)

agegroup	==1	0 (0.0)	0 (0.00)	0 (0.00)	0 (0.00)
agegroup	==2	0 (0.0)	0 (0.00)	0 (0.00)	0 (0.00)
agegroup	==3	0 (0.0)	0 (0.00)	0 (0.00)	0 (0.00)
agegroup	==4	0 (0.0)	0 (0.00)	0 (0.00)	0 (0.00)
agegroup	==5	797958 (22.9)	758267 (22.43)	28393 (38.73)	11298 (30.72)
agegroup	==6	1730083 (49.6)	1677075 (49.62)	34626 (47.24)	18382 (49.99)
agegroup	==7	962156 (27.6)	944779 (27.95)	10285 (14.03)	7092 (19.29)

male	==0	1872031 (53.6)	1814322 (53.68)	38682 (52.77)	19027 (51.74)
male	==1	1618166 (46.4)	1565799 (46.32)	34622 (47.23)	17745 (48.26)

bmicat	==1	59797 (1.7)	58317 (1.73)	950 (1.30)	530 (1.44)
bmicat	==2	991825 (28.4)	965438 (28.56)	17745 (24.21)	8642 (23.50)
bmicat	==3	1238917 (35.5)	1201760 (35.55)	24523 (33.45)	12634 (34.36)
bmicat	==4	609603 (17.5)	588877 (17.42)	13868 (18.92)	6858 (18.65)
bmicat	==5	200557 (5.7)	193221 (5.72)	4741 (6.47)	2595 (7.06)
bmicat	==6	77983 (2.2)	74864 (2.21)	2055 (2.80)	1064 (2.89)
bmicat	>=.	311515 (8.9)	297644 (8.81)	9422 (12.85)	4449 (12.10)

smoke	==1	1391752 (39.9)	1340044 (39.64)	35479 (48.40)	16229 (44.13)
smoke	==2	1788635 (51.2)	1744346 (51.61)	28233 (38.51)	16056 (43.66)
smoke	==3	288562 (8.3)	277214 (8.20)	7543 (10.29)	3805 (10.35)
smoke	>=.	21248 (0.6)	18517 (0.55)	2049 (2.80)	682 (1.85)

ethnicity	==1	2419165 (69.3)	2362620 (69.90)	36022 (49.14)	20523 (55.81)
ethnicity	==2	9797 (0.3)	8670 (0.26)	760 (1.04)	367 (1.00)
ethnicity	==3	90017 (2.6)	67805 (2.01)	16729 (22.82)	5483 (14.91)
ethnicity	==4	27290 (0.8)	23616 (0.70)	2531 (3.45)	1143 (3.11)
ethnicity	==5	21402 (0.6)	18499 (0.55)	2123 (2.90)	780 (2.12)
ethnicity	>=.	922526 (26.4)	898911 (26.59)	15139 (20.65)	8476 (23.05)

imd	==1	873676 (25.0)	853391 (25.25)	12930 (17.64)	7355 (20.00)
imd	==2	824623 (23.6)	803326 (23.77)	13979 (19.07)	7318 (19.90)
imd	==3	749335 (21.5)	726271 (21.49)	15192 (20.72)	7872 (21.41)
imd	==4	609610 (17.5)	585614 (17.33)	16340 (22.29)	7656 (20.82)
imd	==5	432953 (12.4)	411519 (12.17)	14863 (20.28)	6571 (17.87)

tot_adults_hh	==1	1204927 (34.5)	1200780 (35.52)	2140 (2.92)	2007 (5.46)
tot_adults_hh	==2	1783889 (51.1)	1762764 (52.15)	12034 (16.42)	9091 (24.72)
tot_adults_hh	==3	501381 (14.4)	416577 (12.32)	59130 (80.66)	25674 (69.82)

bpcat	==1	393733 (11.3)	380590 (11.26)	8894 (12.13)	4249 (11.55)
bpcat	==2	532897 (15.3)	516530 (15.28)	10963 (14.96)	5404 (14.70)
bpcat	==3	1271507 (36.4)	1232237 (36.46)	26139 (35.66)	13131 (35.71)
bpcat	==4	1263171 (36.2)	1226040 (36.27)	24158 (32.96)	12973 (35.28)
bpcat	>=.	28889 (0.8)	24724 (0.73)	3150 (4.30)	1015 (2.76)
htdiag_or_highbp	==1	2434778 (69.8)	2362021 (69.88)	47703 (65.08)	25054 (68.13)

chronic_respiratory_disease	==1	413651 (11.9)	401940 (11.89)	7407 (10.10)	4304 (11.70)
asthma	==1	452859 (13.0)	437644 (12.95)	10137 (13.83)	5078 (13.81)
chronic_cardiac_disease	==1	728989 (20.9)	707410 (20.93)	13954 (19.04)	7625 (20.74)

diabcat	==1	2707968 (77.6)	2632165 (77.87)	49800 (67.94)	26003 (70.71)
diabcat	==2	4556 (0.1)	4437 (0.13)	77 (0.11)	42 (0.11)
diabcat	==3	9410 (0.3)	9168 (0.27)	151 (0.21)	91 (0.25)
diabcat	==4	416843 (11.9)	399640 (11.82)	11700 (15.96)	5503 (14.97)
diabcat	==5	188530 (5.4)	178449 (5.28)	7045 (9.61)	3036 (8.26)
diabcat	==6	2509 (0.1)	2279 (0.07)	169 (0.23)	61 (0.17)

cancer_haem_cat	==2	4960 (0.1)	4837 (0.14)	81 (0.11)	42 (0.11)
cancer_haem_cat	==3	15345 (0.4)	14960 (0.44)	238 (0.32)	147 (0.40)
cancer_haem_cat	==4	31088 (0.9)	30339 (0.90)	489 (0.67)	260 (0.71)

cancer_exhaem_cat	==2	41850 (1.2)	40788 (1.21)	707 (0.96)	355 (0.97)
cancer_exhaem_cat	==3	124224 (3.6)	121119 (3.58)	2007 (2.74)	1098 (2.99)
cancer_exhaem_cat	==4	332774 (9.5)	325887 (9.64)	4295 (5.86)	2592 (7.05)

reduced_kidney_function_cat	==2	755042 (21.6)	736522 (21.79)	11648 (15.89)	6872 (18.69)
reduced_kidney_function_cat	==3	55417 (1.6)	53705 (1.59)	1115 (1.52)	597 (1.62)
esrd	==1	8660 (0.2)	8222 (0.24)	307 (0.42)	131 (0.36)
chronic_liver_disease	==1	32201 (0.9)	31110 (0.92)	714 (0.97)	377 (1.03)
stroke_dementia	==1	258573 (7.4)	251408 (7.44)	4616 (6.30)	2549 (6.93)
other_neuro	==1	68577 (2.0)	66687 (1.97)	1253 (1.71)	637 (1.73)
other_transplant	==1	1128 (0.0)	1075 (0.03)	36 (0.05)	17 (0.05)
asplenia	==1	8596 (0.2)	8380 (0.25)	134 (0.18)	82 (0.22)
ra_sle_psoriasis	==1	265788 (7.6)	258542 (7.65)	4633 (6.32)	2613 (7.11)
other_immuno	==1	6828 (0.2)	6575 (0.19)	168 (0.23)	85 (0.23)
shield	==1	1203512 (34.5)	1169916 (34.61)	21769 (29.70)	11827 (32.16)
