cons	==1	12056439 (100.0)	7707623 (100.00)	3171268 (100.00)	1177548 (100.00)

agegroup	==1	2845719 (23.6)	1956959 (25.39)	609905 (19.23)	278855 (23.68)
agegroup	==2	2768291 (23.0)	1314788 (17.06)	1337501 (42.18)	116002 (9.85)
agegroup	==3	2495700 (20.7)	1132473 (14.69)	929619 (29.31)	433608 (36.82)
agegroup	==4	2625452 (21.8)	2075814 (26.93)	232500 (7.33)	317138 (26.93)
agegroup	==5	1321277 (11.0)	1227589 (15.93)	61743 (1.95)	31945 (2.71)
agegroup	==6	0 (0.0)	0 (0.00)	0 (0.00)	0 (0.00)
agegroup	==7	0 (0.0)	0 (0.00)	0 (0.00)	0 (0.00)

male	==0	6009798 (49.8)	3594942 (46.64)	1786585 (56.34)	628271 (53.35)
male	==1	6046641 (50.2)	4112681 (53.36)	1384683 (43.66)	549277 (46.65)

bmicat	==1	223723 (1.9)	150170 (1.95)	55478 (1.75)	18075 (1.53)
bmicat	==2	3406853 (28.3)	2164081 (28.08)	951231 (30.00)	291541 (24.76)
bmicat	==3	3004328 (24.9)	1882861 (24.43)	833732 (26.29)	287735 (24.44)
bmicat	==4	1544060 (12.8)	983582 (12.76)	407654 (12.85)	152824 (12.98)
bmicat	==5	636395 (5.3)	408122 (5.30)	165562 (5.22)	62711 (5.33)
bmicat	==6	346014 (2.9)	225024 (2.92)	87128 (2.75)	33862 (2.88)
bmicat	>=.	2895066 (24.0)	1893783 (24.57)	670483 (21.14)	330800 (28.09)

smoke	==1	5728359 (47.5)	3670497 (47.62)	1493809 (47.10)	564053 (47.90)
smoke	==2	3303100 (27.4)	2069924 (26.86)	913770 (28.81)	319406 (27.12)
smoke	==3	2430929 (20.2)	1592988 (20.67)	636987 (20.09)	200954 (17.07)
smoke	>=.	594051 (4.9)	374214 (4.86)	126702 (4.00)	93135 (7.91)

ethnicity	==1	7569454 (62.8)	4901365 (63.59)	1986318 (62.63)	681771 (57.90)
ethnicity	==2	158349 (1.3)	94318 (1.22)	49785 (1.57)	14246 (1.21)
ethnicity	==3	832720 (6.9)	393138 (5.10)	340500 (10.74)	99082 (8.41)
ethnicity	==4	306539 (2.5)	166789 (2.16)	106666 (3.36)	33084 (2.81)
ethnicity	==5	290752 (2.4)	182888 (2.37)	85632 (2.70)	22232 (1.89)
ethnicity	>=.	2898625 (24.0)	1969125 (25.55)	602367 (18.99)	327133 (27.78)

imd	==1	2295488 (19.0)	1455070 (18.88)	579390 (18.27)	261028 (22.17)
imd	==2	2407670 (20.0)	1585543 (20.57)	585514 (18.46)	236613 (20.09)
imd	==3	2476171 (20.5)	1639074 (21.27)	609573 (19.22)	227524 (19.32)
imd	==4	2560426 (21.2)	1643886 (21.33)	685015 (21.60)	231525 (19.66)
imd	==5	2316684 (19.2)	1384050 (17.96)	711776 (22.44)	220858 (18.76)

tot_adults_hh	==1	2828501 (23.5)	2233237 (28.97)	466062 (14.70)	129202 (10.97)
tot_adults_hh	==2	4797366 (39.8)	2612610 (33.90)	1723536 (54.35)	461220 (39.17)
tot_adults_hh	==3	4430572 (36.7)	2861776 (37.13)	981670 (30.96)	587126 (49.86)

bpcat	==1	3091066 (25.6)	1741219 (22.59)	1044185 (32.93)	305662 (25.96)
bpcat	==2	1701270 (14.1)	1063435 (13.80)	475993 (15.01)	161842 (13.74)
bpcat	==3	3688999 (30.6)	2402010 (31.16)	921898 (29.07)	365091 (31.00)
bpcat	==4	2040124 (16.9)	1449504 (18.81)	394503 (12.44)	196117 (16.65)
bpcat	>=.	1534980 (12.7)	1051455 (13.64)	334689 (10.55)	148836 (12.64)
htdiag_or_highbp	==1	2819516 (23.4)	2055918 (26.67)	500433 (15.78)	263165 (22.35)

chronic_respiratory_disease	==1	229515 (1.9)	187615 (2.43)	26094 (0.82)	15806 (1.34)
asthma	==1	2043777 (17.0)	1286262 (16.69)	555786 (17.53)	201729 (17.13)
chronic_cardiac_disease	==1	335914 (2.8)	265910 (3.45)	43849 (1.38)	26155 (2.22)

diabcat	==1	11308950 (93.8)	7166932 (92.98)	3033347 (95.65)	1108671 (94.15)
diabcat	==2	16415 (0.1)	11309 (0.15)	3763 (0.12)	1343 (0.11)
diabcat	==3	49211 (0.4)	34385 (0.45)	10352 (0.33)	4474 (0.38)
diabcat	==4	275104 (2.3)	208349 (2.70)	42907 (1.35)	23848 (2.03)
diabcat	==5	217151 (1.8)	161620 (2.10)	35138 (1.11)	20393 (1.73)
diabcat	==6	5493 (0.0)	3678 (0.05)	1336 (0.04)	479 (0.04)

cancer_haem_cat	==2	3057 (0.0)	2295 (0.03)	510 (0.02)	252 (0.02)
cancer_haem_cat	==3	9513 (0.1)	7259 (0.09)	1472 (0.05)	782 (0.07)
cancer_haem_cat	==4	25214 (0.2)	18578 (0.24)	4458 (0.14)	2178 (0.18)

cancer_exhaem_cat	==2	28614 (0.2)	21815 (0.28)	4186 (0.13)	2613 (0.22)
cancer_exhaem_cat	==3	82357 (0.7)	63141 (0.82)	11658 (0.37)	7558 (0.64)
cancer_exhaem_cat	==4	145967 (1.2)	115912 (1.50)	17706 (0.56)	12349 (1.05)

reduced_kidney_function_cat	==2	121810 (1.0)	102335 (1.33)	11398 (0.36)	8077 (0.69)
reduced_kidney_function_cat	==3	11919 (0.1)	9408 (0.12)	1581 (0.05)	930 (0.08)
esrd	==1	14351 (0.1)	10942 (0.14)	2273 (0.07)	1136 (0.10)
chronic_liver_disease	==1	63341 (0.5)	48886 (0.63)	10177 (0.32)	4278 (0.36)
stroke_dementia	==1	92057 (0.8)	74607 (0.97)	10909 (0.34)	6541 (0.56)
other_neuro	==1	82577 (0.7)	63529 (0.82)	12290 (0.39)	6758 (0.57)
other_transplant	==1	2832 (0.0)	2179 (0.03)	395 (0.01)	258 (0.02)
asplenia	==1	13870 (0.1)	10105 (0.13)	2520 (0.08)	1245 (0.11)
ra_sle_psoriasis	==1	526735 (4.4)	346094 (4.49)	128324 (4.05)	52317 (4.44)
other_immuno	==1	39292 (0.3)	27748 (0.36)	8362 (0.26)	3182 (0.27)
shield	==1	2487594 (20.6)	1634565 (21.21)	615720 (19.42)	237309 (20.15)
