cons	==1	16074725 (100.0)	11322432 (70.44)	3518979 (21.89)	1233314 (7.67)

agegroup	==1	3050588 (19.0)	2065224 (67.70)	700076 (22.95)	285288 (9.35)
agegroup	==2	2903375 (18.1)	1341937 (46.22)	1443433 (49.72)	118005 (4.06)
agegroup	==3	2568604 (16.0)	1158070 (45.09)	972089 (37.85)	438445 (17.07)
agegroup	==4	2679596 (16.7)	2106332 (78.61)	252595 (9.43)	320669 (11.97)
agegroup	==5	2150390 (13.4)	2005192 (93.25)	100765 (4.69)	44433 (2.07)
agegroup	==6	1744909 (10.9)	1687581 (96.71)	38297 (2.19)	19031 (1.09)
agegroup	==7	977263 (6.1)	958096 (98.04)	11724 (1.20)	7443 (0.76)

male	==0	8157942 (50.8)	5527102 (67.75)	1974835 (24.21)	656005 (8.04)
male	==1	7916783 (49.2)	5795330 (73.20)	1544144 (19.50)	577309 (7.29)

bmicat	==1	296526 (1.8)	215339 (72.62)	62143 (20.96)	19044 (6.42)
bmicat	==2	4572300 (28.4)	3212234 (70.25)	1053686 (23.04)	306380 (6.70)
bmicat	==3	4363815 (27.1)	3133755 (71.81)	925882 (21.22)	304178 (6.97)
bmicat	==4	2206178 (13.7)	1592415 (72.18)	452461 (20.51)	161302 (7.31)
bmicat	==5	855616 (5.3)	608030 (71.06)	181889 (21.26)	65697 (7.68)
bmicat	==6	432034 (2.7)	302609 (70.04)	94433 (21.86)	34992 (8.10)
bmicat	>=.	3348256 (20.8)	2258050 (67.44)	748485 (22.35)	341721 (10.21)

smoke	==1	7343683 (45.7)	5097945 (69.42)	1656851 (22.56)	588887 (8.02)
smoke	==2	5203842 (32.4)	3860110 (74.18)	1004805 (19.31)	338927 (6.51)
smoke	==3	2815208 (17.5)	1910563 (67.87)	697074 (24.76)	207571 (7.37)
smoke	>=.	711992 (4.4)	453814 (63.74)	160249 (22.51)	97929 (13.75)

ethnicity	==1	10326750 (64.2)	7431539 (71.96)	2181018 (21.12)	714193 (6.92)
ethnicity	==2	179130 (1.1)	108220 (60.41)	55743 (31.12)	15167 (8.47)
ethnicity	==3	979883 (6.1)	474446 (48.42)	398057 (40.62)	107380 (10.96)
ethnicity	==4	354890 (2.2)	198636 (55.97)	120880 (34.06)	35374 (9.97)
ethnicity	==5	333981 (2.1)	211887 (63.44)	98183 (29.40)	23911 (7.16)
ethnicity	>=.	3900091 (24.3)	2897704 (74.30)	665098 (17.05)	337289 (8.65)

imd	==1	3408922 (21.2)	2458722 (72.13)	665939 (19.54)	284261 (8.34)
imd	==2	3336671 (20.8)	2443976 (73.25)	644571 (19.32)	248124 (7.44)
imd	==3	3306405 (20.6)	2392048 (72.35)	677000 (20.48)	237357 (7.18)
imd	==4	3262522 (20.3)	2254937 (69.12)	765223 (23.45)	242362 (7.43)
imd	==5	2760205 (17.2)	1772749 (64.23)	766246 (27.76)	221210 (8.01)

tot_people_hh	==1	3505932 (21.8)	3505932 (100.00)	0 (0.00)	0 (0.00)
tot_people_hh	==2	4756711 (29.6)	4434564 (93.23)	226325 (4.76)	95822 (2.01)
tot_people_hh	==3	3024033 (18.8)	1892794 (62.59)	800784 (26.48)	330455 (10.93)
tot_people_hh	==4	2499581 (15.5)	943890 (37.76)	1101936 (44.08)	453755 (18.15)
tot_people_hh	==5	2288468 (14.2)	545252 (23.83)	1389934 (60.74)	353282 (15.44)

bpcat	==1	3614651 (22.5)	2164333 (59.88)	1137033 (31.46)	313285 (8.67)
bpcat	==2	2295640 (14.3)	1603031 (69.83)	523570 (22.81)	169039 (7.36)
bpcat	==3	5075561 (31.6)	3679377 (72.49)	1013904 (19.98)	382280 (7.53)
bpcat	==4	3362305 (20.9)	2703881 (80.42)	446954 (13.29)	211470 (6.29)
bpcat	>=.	1726568 (10.7)	1171810 (67.87)	397518 (23.02)	157240 (9.11)
htdiag_or_highbp	==1	5335521 (33.2)	4458404 (83.56)	585807 (10.98)	291310 (5.46)

chronic_respiratory_disease	==1	651687 (4.1)	594810 (91.27)	36392 (5.58)	20485 (3.14)
asthma	==1	2564330 (16.0)	1749952 (68.24)	605781 (23.62)	208597 (8.13)
chronic_cardiac_disease	==1	1071236 (6.7)	975221 (91.04)	62131 (5.80)	33884 (3.16)
diabetes	==1	1601427 (10.0)	1337098 (83.49)	180743 (11.29)	83586 (5.22)

cancer_haem_cat	==2	8109 (0.1)	7176 (88.49)	640 (7.89)	293 (3.61)
cancer_haem_cat	==3	25161 (0.2)	22366 (88.89)	1854 (7.37)	941 (3.74)
cancer_haem_cat	==4	57139 (0.4)	49427 (86.50)	5271 (9.22)	2441 (4.27)

cancer_exhaem_cat	==2	71383 (0.4)	63147 (88.46)	5223 (7.32)	3013 (4.22)
cancer_exhaem_cat	==3	208701 (1.3)	185370 (88.82)	14616 (7.00)	8715 (4.18)
cancer_exhaem_cat	==4	483925 (3.0)	445257 (92.01)	23549 (4.87)	15119 (3.12)

reduced_kidney_function_cat	==2	887320 (5.5)	846876 (95.44)	25183 (2.84)	15261 (1.72)
reduced_kidney_function_cat	==3	68294 (0.4)	63801 (93.42)	2934 (4.30)	1559 (2.28)
chronic_liver_disease	==1	96821 (0.6)	80585 (83.23)	11589 (11.97)	4647 (4.80)
stroke_dementia	==1	354468 (2.2)	328657 (92.72)	16661 (4.70)	9150 (2.58)
other_neuro	==1	153824 (1.0)	132036 (85.84)	14332 (9.32)	7456 (4.85)
organ_trans	==1	18468 (0.1)	14883 (80.59)	2417 (13.09)	1168 (6.32)
asplenia	==1	22842 (0.1)	18685 (81.80)	2809 (12.30)	1348 (5.90)
ra_sle_psoriasis	==1	805594 (5.0)	609666 (75.68)	140732 (17.47)	55196 (6.85)
other_immuno	==1	47594 (0.3)	35135 (73.82)	9148 (19.22)	3311 (6.96)
shield	==1	3763844 (23.4)	2830737 (75.21)	681969 (18.12)	251138 (6.67)
