cons	==1	3473837 (100.0)	3409439 (100.00)	37194 (100.00)	27204 (100.00)

agegroup	==1	0 (0.0)	0 (0.00)	0 (0.00)	0 (0.00)
agegroup	==2	0 (0.0)	0 (0.00)	0 (0.00)	0 (0.00)
agegroup	==3	0 (0.0)	0 (0.00)	0 (0.00)	0 (0.00)
agegroup	==4	0 (0.0)	0 (0.00)	0 (0.00)	0 (0.00)
agegroup	==5	793282 (22.8)	770168 (22.59)	14443 (38.83)	8671 (31.87)
agegroup	==6	1722685 (49.6)	1691593 (49.61)	17606 (47.34)	13486 (49.57)
agegroup	==7	957870 (27.6)	947678 (27.80)	5145 (13.83)	5047 (18.55)

male	==0	1864886 (53.7)	1830620 (53.69)	19870 (53.42)	14396 (52.92)
male	==1	1608951 (46.3)	1578819 (46.31)	17324 (46.58)	12808 (47.08)

bmicat	==1	59224 (1.7)	58344 (1.71)	484 (1.30)	396 (1.46)
bmicat	==2	989051 (28.5)	973522 (28.55)	9158 (24.62)	6371 (23.42)
bmicat	==3	1238077 (35.6)	1216048 (35.67)	12615 (33.92)	9414 (34.61)
bmicat	==4	609304 (17.5)	596853 (17.51)	7205 (19.37)	5246 (19.28)
bmicat	==5	200506 (5.8)	196073 (5.75)	2470 (6.64)	1963 (7.22)
bmicat	==6	77911 (2.2)	76025 (2.23)	1050 (2.82)	836 (3.07)
bmicat	>=.	299764 (8.6)	292574 (8.58)	4212 (11.32)	2978 (10.95)

smoke	==1	1390831 (40.0)	1359659 (39.88)	18553 (49.88)	12619 (46.39)
smoke	==2	1787539 (51.5)	1761612 (51.67)	14385 (38.68)	11542 (42.43)
smoke	==3	288122 (8.3)	281397 (8.25)	3869 (10.40)	2856 (10.50)
smoke	>=.	7345 (0.2)	6771 (0.20)	387 (1.04)	187 (0.69)

ethnicity	==1	2413995 (69.5)	2381339 (69.85)	17934 (48.22)	14722 (54.12)
ethnicity	==2	9741 (0.3)	9032 (0.26)	418 (1.12)	291 (1.07)
ethnicity	==3	89804 (2.6)	75648 (2.22)	9193 (24.72)	4963 (18.24)
ethnicity	==4	27178 (0.8)	24951 (0.73)	1326 (3.57)	901 (3.31)
ethnicity	==5	21139 (0.6)	19417 (0.57)	1123 (3.02)	599 (2.20)
ethnicity	>=.	911980 (26.3)	899052 (26.37)	7200 (19.36)	5728 (21.06)

imd	==1	858077 (24.7)	846495 (24.83)	6403 (17.22)	5179 (19.04)
imd	==2	822138 (23.7)	810090 (23.76)	6892 (18.53)	5156 (18.95)
imd	==3	739038 (21.3)	726051 (21.30)	7420 (19.95)	5567 (20.46)
imd	==4	607001 (17.5)	592882 (17.39)	8250 (22.18)	5869 (21.57)
imd	==5	447583 (12.9)	433921 (12.73)	8229 (22.12)	5433 (19.97)

tot_adults_hh	==1	1207578 (34.8)	1205164 (35.35)	1041 (2.80)	1373 (5.05)
tot_adults_hh	==2	1784381 (51.4)	1771766 (51.97)	6022 (16.19)	6593 (24.24)
tot_adults_hh	==3	481878 (13.9)	432509 (12.69)	30131 (81.01)	19238 (70.72)

bpcat	==1	392830 (11.3)	385096 (11.29)	4515 (12.14)	3219 (11.83)
bpcat	==2	531908 (15.3)	522219 (15.32)	5606 (15.07)	4083 (15.01)
bpcat	==3	1268852 (36.5)	1245517 (36.53)	13511 (36.33)	9824 (36.11)
bpcat	==4	1259944 (36.3)	1238056 (36.31)	12386 (33.30)	9502 (34.93)
bpcat	>=.	20303 (0.6)	18551 (0.54)	1176 (3.16)	576 (2.12)
htdiag_or_highbp	==1	2429365 (69.9)	2386281 (69.99)	24539 (65.98)	18545 (68.17)

chronic_respiratory_disease	==1	412496 (11.9)	405471 (11.89)	3834 (10.31)	3191 (11.73)
asthma	==1	452154 (13.0)	442954 (12.99)	5281 (14.20)	3919 (14.41)
chronic_cardiac_disease	==1	726436 (20.9)	713425 (20.92)	7242 (19.47)	5769 (21.21)

diabcat	==1	2692629 (77.5)	2649065 (77.70)	24721 (66.47)	18843 (69.27)
diabcat	==2	4554 (0.1)	4485 (0.13)	40 (0.11)	29 (0.11)
diabcat	==3	9400 (0.3)	9254 (0.27)	75 (0.20)	71 (0.26)
diabcat	==4	416402 (12.0)	405935 (11.91)	6162 (16.57)	4305 (15.82)
diabcat	==5	188292 (5.4)	182065 (5.34)	3832 (10.30)	2395 (8.80)
diabcat	==6	2455 (0.1)	2298 (0.07)	102 (0.27)	55 (0.20)

cancer_haem_cat	==2	4947 (0.1)	4883 (0.14)	32 (0.09)	32 (0.12)
cancer_haem_cat	==3	15321 (0.4)	15075 (0.44)	131 (0.35)	115 (0.42)
cancer_haem_cat	==4	31045 (0.9)	30615 (0.90)	234 (0.63)	196 (0.72)

cancer_exhaem_cat	==2	41712 (1.2)	41100 (1.21)	353 (0.95)	259 (0.95)
cancer_exhaem_cat	==3	123930 (3.6)	122154 (3.58)	970 (2.61)	806 (2.96)
cancer_exhaem_cat	==4	332207 (9.6)	328256 (9.63)	2147 (5.77)	1804 (6.63)

reduced_kidney_function_cat	==2	753738 (21.7)	742586 (21.78)	6048 (16.26)	5104 (18.76)
reduced_kidney_function_cat	==3	55284 (1.6)	54267 (1.59)	584 (1.57)	433 (1.59)
esrd	==1	8598 (0.2)	8339 (0.24)	161 (0.43)	98 (0.36)
chronic_liver_disease	==1	32024 (0.9)	31376 (0.92)	376 (1.01)	272 (1.00)
stroke_dementia	==1	257134 (7.4)	252837 (7.42)	2393 (6.43)	1904 (7.00)
other_neuro	==1	68246 (2.0)	67105 (1.97)	659 (1.77)	482 (1.77)
other_transplant	==1	1128 (0.0)	1092 (0.03)	20 (0.05)	16 (0.06)
asplenia	==1	8570 (0.2)	8432 (0.25)	74 (0.20)	64 (0.24)
ra_sle_psoriasis	==1	265110 (7.6)	260882 (7.65)	2274 (6.11)	1954 (7.18)
other_immuno	==1	6798 (0.2)	6646 (0.19)	93 (0.25)	59 (0.22)
shield	==1	1199713 (34.5)	1179840 (34.61)	11113 (29.88)	8760 (32.20)
