cons	==1	3035846 (100.0)	2948765 (97.13)	56956 (1.88)	30125 (0.99)

agegroup	==1	0 (0.0)	0 (   .)	0 (   .)	0 (   .)
agegroup	==2	0 (0.0)	0 (   .)	0 (   .)	0 (   .)
agegroup	==3	0 (0.0)	0 (   .)	0 (   .)	0 (   .)
agegroup	==4	0 (0.0)	0 (   .)	0 (   .)	0 (   .)
agegroup	==5	585936 (19.3)	560267 (95.62)	18028 (3.08)	7641 (1.30)
agegroup	==6	1623159 (53.5)	1576661 (97.14)	30138 (1.86)	16360 (1.01)
agegroup	==7	826751 (27.2)	811837 (98.20)	8790 (1.06)	6124 (0.74)

male	==0	1636648 (53.9)	1590407 (97.17)	30327 (1.85)	15914 (0.97)
male	==1	1399198 (46.1)	1358358 (97.08)	26629 (1.90)	14211 (1.02)

bmicat	==1	52482 (1.7)	51213 (97.58)	786 (1.50)	483 (0.92)
bmicat	==2	872232 (28.7)	850887 (97.55)	14066 (1.61)	7279 (0.83)
bmicat	==3	1086105 (35.8)	1056398 (97.26)	19334 (1.78)	10373 (0.96)
bmicat	==4	526295 (17.3)	510120 (96.93)	10600 (2.01)	5575 (1.06)
bmicat	==5	169367 (5.6)	163675 (96.64)	3635 (2.15)	2057 (1.21)
bmicat	==6	63815 (2.1)	61469 (96.32)	1500 (2.35)	846 (1.33)
bmicat	>=.	265550 (8.7)	255003 (96.03)	7035 (2.65)	3512 (1.32)

smoke	==1	1217058 (40.1)	1175785 (96.61)	27877 (2.29)	13396 (1.10)
smoke	==2	1557894 (51.3)	1522514 (97.73)	22270 (1.43)	13110 (0.84)
smoke	==3	242988 (8.0)	234570 (96.54)	5313 (2.19)	3105 (1.28)
smoke	>=.	17906 (0.6)	15896 (88.77)	1496 (8.35)	514 (2.87)

ethnicity	==1	2097159 (69.1)	2052097 (97.85)	28227 (1.35)	16835 (0.80)
ethnicity	==2	7963 (0.3)	7110 (89.29)	577 (7.25)	276 (3.47)
ethnicity	==3	73276 (2.4)	56138 (76.61)	12770 (17.43)	4368 (5.96)
ethnicity	==4	22659 (0.7)	19847 (87.59)	1940 (8.56)	872 (3.85)
ethnicity	==5	17137 (0.6)	14998 (87.52)	1556 (9.08)	583 (3.40)
ethnicity	>=.	817652 (26.9)	798575 (97.67)	11886 (1.45)	7191 (0.88)

imd	==1	768138 (25.3)	751664 (97.86)	10453 (1.36)	6021 (0.78)
imd	==2	709685 (23.4)	692952 (97.64)	10753 (1.52)	5980 (0.84)
imd	==3	653905 (21.5)	635593 (97.20)	11923 (1.82)	6389 (0.98)
imd	==4	525790 (17.3)	507087 (96.44)	12384 (2.36)	6319 (1.20)
imd	==5	378328 (12.5)	361469 (95.54)	11443 (3.02)	5416 (1.43)

tot_adults_hh	==1	1087316 (35.8)	1083642 (99.66)	1852 (0.17)	1822 (0.17)
tot_adults_hh	==2	1554287 (51.2)	1536268 (98.84)	10098 (0.65)	7921 (0.51)
tot_adults_hh	==3	394243 (13.0)	328855 (83.41)	45006 (11.42)	20382 (5.17)

bpcat	==1	322324 (10.6)	312357 (96.91)	6557 (2.03)	3410 (1.06)
bpcat	==2	455992 (15.0)	443177 (97.19)	8389 (1.84)	4426 (0.97)
bpcat	==3	1081357 (35.6)	1050830 (97.18)	19940 (1.84)	10587 (0.98)
bpcat	==4	1151585 (37.9)	1120847 (97.33)	19805 (1.72)	10933 (0.95)
bpcat	>=.	24588 (0.8)	21554 (87.66)	2265 (9.21)	769 (3.13)
htdiag_or_highbp	==1	2164950 (71.3)	2105509 (97.25)	38399 (1.77)	21042 (0.97)

chronic_respiratory_disease	==1	371755 (12.2)	361928 (97.36)	6118 (1.65)	3709 (1.00)

asthma	==1	381565 (12.6)	369688 (96.89)	7785 (2.04)	4092 (1.07)
asthma	==2	0 (0.0)	0 (   .)	0 (   .)	0 (   .)
chronic_cardiac_disease	==1	666139 (21.9)	647898 (97.26)	11703 (1.76)	6538 (0.98)
diabcat	==1	2340991 (77.1)	2281692 (97.47)	38151 (1.63)	21148 (0.90)
diabcat	==2	3862 (0.1)	3758 (97.31)	74 (1.92)	30 (0.78)
diabcat	==3	7898 (0.3)	7699 (97.48)	120 (1.52)	79 (1.00)
diabcat	==4	374404 (12.3)	360233 (96.22)	9496 (2.54)	4675 (1.25)
diabcat	==5	164052 (5.4)	156102 (95.15)	5509 (3.36)	2441 (1.49)
diabcat	==6	2025 (0.1)	1867 (92.20)	113 (5.58)	45 (2.22)

cancer_haem_cat	==2	4434 (0.1)	4342 (97.93)	58 (1.31)	34 (0.77)
cancer_haem_cat	==3	14022 (0.5)	13685 (97.60)	205 (1.46)	132 (0.94)
cancer_haem_cat	==4	28298 (0.9)	27652 (97.72)	408 (1.44)	238 (0.84)

cancer_exhaem_cat	==2	36881 (1.2)	36000 (97.61)	594 (1.61)	287 (0.78)
cancer_exhaem_cat	==3	111320 (3.7)	108716 (97.66)	1654 (1.49)	950 (0.85)
cancer_exhaem_cat	==4	305861 (10.1)	299834 (98.03)	3725 (1.22)	2302 (0.75)

reduced_kidney_function_cat	==2	671161 (22.1)	655570 (97.68)	9619 (1.43)	5972 (0.89)
reduced_kidney_function_cat	==3	42569 (1.4)	41275 (96.96)	835 (1.96)	459 (1.08)
esrd	==1	7377 (0.2)	7037 (95.39)	229 (3.10)	111 (1.50)
chronic_liver_disease	==1	26837 (0.9)	26021 (96.96)	511 (1.90)	305 (1.14)
stroke_dementia	==1	236101 (7.8)	229859 (97.36)	3979 (1.69)	2263 (0.96)
other_neuro	==1	60638 (2.0)	59032 (97.35)	1059 (1.75)	547 (0.90)
other_transplant	==1	898 (0.0)	857 (95.43)	28 (3.12)	13 (1.45)
asplenia	==1	7505 (0.2)	7333 (97.71)	100 (1.33)	72 (0.96)
ra_sle_psoriasis	==1	232620 (7.7)	226831 (97.51)	3607 (1.55)	2182 (0.94)
other_immuno	==1	5293 (0.2)	5122 (96.77)	113 (2.13)	58 (1.10)
shield	==1	1067555 (35.2)	1039851 (97.40)	17648 (1.65)	10056 (0.94)
worms	==1	9641 (0.3)	9122 (94.62)	341 (3.54)	178 (1.85)
