cons	==1	11758564 (100.0)	7643221 (65.00)	3025495 (25.73)	1089848 (9.27)

agegroup	==1	2690079 (22.9)	1862344 (69.23)	584200 (21.72)	243535 (9.05)
agegroup	==2	2626088 (22.3)	1232275 (46.92)	1286256 (48.98)	107557 (4.10)
agegroup	==3	2426420 (20.6)	1129515 (46.55)	880659 (36.29)	416246 (17.15)
agegroup	==4	2549194 (21.7)	2044939 (80.22)	213234 (8.36)	291021 (11.42)
agegroup	==5	1466783 (12.5)	1374148 (93.68)	61146 (4.17)	31489 (2.15)
agegroup	==6	0 (0.0)	0 (   .)	0 (   .)	0 (   .)
agegroup	==7	0 (0.0)	0 (   .)	0 (   .)	0 (   .)

male	==0	5861808 (49.9)	3571764 (60.93)	1708906 (29.15)	581138 (9.91)
male	==1	5896756 (50.1)	4071457 (69.05)	1316589 (22.33)	508710 (8.63)

bmicat	==1	206831 (1.8)	140240 (67.80)	50489 (24.41)	16102 (7.79)
bmicat	==2	3288594 (28.0)	2118393 (64.42)	901206 (27.40)	268995 (8.18)
bmicat	==3	3018083 (25.7)	1936821 (64.17)	807049 (26.74)	274213 (9.09)
bmicat	==4	1567828 (13.3)	1020785 (65.11)	398728 (25.43)	148315 (9.46)
bmicat	==5	645654 (5.5)	421940 (65.35)	162496 (25.17)	61218 (9.48)
bmicat	==6	348572 (3.0)	229439 (65.82)	85990 (24.67)	33143 (9.51)
bmicat	>=.	2683002 (22.8)	1775603 (66.18)	619537 (23.09)	287862 (10.73)

smoke	==1	5589012 (47.5)	3631078 (64.97)	1428316 (25.56)	529618 (9.48)
smoke	==2	3276141 (27.9)	2095962 (63.98)	883130 (26.96)	297049 (9.07)
smoke	==3	2387188 (20.3)	1588077 (66.53)	608445 (25.49)	190666 (7.99)
smoke	>=.	506223 (4.3)	328104 (64.81)	105604 (20.86)	72515 (14.32)

ethnicity	==1	7465211 (63.5)	4919230 (65.90)	1910553 (25.59)	635428 (8.51)
ethnicity	==2	143599 (1.2)	86264 (60.07)	45064 (31.38)	12271 (8.55)
ethnicity	==3	778697 (6.6)	375315 (48.20)	314707 (40.41)	88675 (11.39)
ethnicity	==4	281512 (2.4)	155367 (55.19)	97767 (34.73)	28378 (10.08)
ethnicity	==5	256572 (2.2)	161498 (62.94)	76239 (29.71)	18835 (7.34)
ethnicity	>=.	2832973 (24.1)	1945547 (68.68)	581165 (20.51)	306261 (10.81)

imd	==1	2273938 (19.3)	1469232 (64.61)	563428 (24.78)	241278 (10.61)
imd	==2	2321363 (19.7)	1553318 (66.91)	552259 (23.79)	215786 (9.30)
imd	==3	2407990 (20.5)	1614930 (67.07)	581431 (24.15)	211629 (8.79)
imd	==4	2464172 (21.0)	1605630 (65.16)	644502 (26.15)	214040 (8.69)
imd	==5	2291101 (19.5)	1400111 (61.11)	683875 (29.85)	207115 (9.04)

tot_adults_hh	==1	2928171 (24.9)	2320235 (79.24)	474981 (16.22)	132955 (4.54)
tot_adults_hh	==2	4945913 (42.1)	2774806 (56.10)	1718300 (34.74)	452807 (9.16)
tot_adults_hh	==3	3884480 (33.0)	2548180 (65.60)	832214 (21.42)	504086 (12.98)

bpcat	==1	2987260 (25.4)	1701139 (56.95)	1005337 (33.65)	280784 (9.40)
bpcat	==2	1675279 (14.2)	1062669 (63.43)	461046 (27.52)	151564 (9.05)
bpcat	==3	3603933 (30.6)	2391274 (66.35)	873854 (24.25)	338805 (9.40)
bpcat	==4	2064987 (17.6)	1501930 (72.73)	377021 (18.26)	186036 (9.01)
bpcat	>=.	1427105 (12.1)	986209 (69.11)	308237 (21.60)	132659 (9.30)
htdiag_or_highbp	==1	2900398 (24.7)	2161311 (74.52)	485945 (16.75)	253142 (8.73)

chronic_respiratory_disease	==1	258713 (2.2)	214883 (83.06)	27311 (10.56)	16519 (6.39)

asthma	==1	1999446 (17.0)	1273895 (63.71)	537478 (26.88)	188073 (9.41)
asthma	==2	0 (0.0)	0 (   .)	0 (   .)	0 (   .)
chronic_cardiac_disease	==1	373668 (3.2)	301222 (80.61)	45474 (12.17)	26972 (7.22)
diabcat	==1	10957500 (93.2)	7051277 (64.35)	2885435 (26.33)	1020788 (9.32)
diabcat	==2	16337 (0.1)	11570 (70.82)	3526 (21.58)	1241 (7.60)
diabcat	==3	48598 (0.4)	34104 (70.18)	10200 (20.99)	4294 (8.84)
diabcat	==4	304980 (2.6)	236060 (77.40)	44364 (14.55)	24556 (8.05)
diabcat	==5	233310 (2.0)	176115 (75.49)	36320 (15.57)	20875 (8.95)
diabcat	==6	4912 (0.0)	3405 (69.32)	1119 (22.78)	388 (7.90)

cancer_haem_cat	==2	3271 (0.0)	2524 (77.16)	496 (15.16)	251 (7.67)
cancer_haem_cat	==3	10356 (0.1)	8025 (77.49)	1501 (14.49)	830 (8.01)
cancer_haem_cat	==4	26943 (0.2)	20264 (75.21)	4495 (16.68)	2184 (8.11)

cancer_exhaem_cat	==2	31561 (0.3)	24656 (78.12)	4300 (13.62)	2605 (8.25)
cancer_exhaem_cat	==3	92146 (0.8)	71994 (78.13)	12469 (13.53)	7683 (8.34)
cancer_exhaem_cat	==4	165966 (1.4)	134254 (80.89)	18955 (11.42)	12757 (7.69)

reduced_kidney_function_cat	==2	132844 (1.1)	113887 (85.73)	11195 (8.43)	7762 (5.84)
reduced_kidney_function_cat	==3	11449 (0.1)	9165 (80.05)	1448 (12.65)	836 (7.30)
esrd	==1	15009 (0.1)	11592 (77.23)	2304 (15.35)	1113 (7.42)
chronic_liver_disease	==1	65597 (0.6)	51394 (78.35)	9964 (15.19)	4239 (6.46)
stroke_dementia	==1	102547 (0.9)	84509 (82.41)	11295 (11.01)	6743 (6.58)
other_neuro	==1	85966 (0.7)	66978 (77.91)	12426 (14.45)	6562 (7.63)
other_transplant	==1	2980 (0.0)	2314 (77.65)	406 (13.62)	260 (8.72)
asplenia	==1	14460 (0.1)	10783 (74.57)	2509 (17.35)	1168 (8.08)
ra_sle_psoriasis	==1	541770 (4.6)	362527 (66.92)	128672 (23.75)	50571 (9.33)
other_immuno	==1	36746 (0.3)	26146 (71.15)	7816 (21.27)	2784 (7.58)
shield	==1	2499706 (21.3)	1674516 (66.99)	600536 (24.02)	224654 (8.99)
worms	==1	200986 (1.7)	111808 (55.63)	64232 (31.96)	24946 (12.41)
