cons	==1	15910387 (100.0)	11052871 (69.47)	3690907 (23.20)	1166609 (7.33)

agegroup	==1	3151355 (19.8)	2086437 (66.21)	801526 (25.43)	263392 (8.36)
agegroup	==2	2895739 (18.2)	1264300 (43.66)	1520130 (52.50)	111309 (3.84)
agegroup	==3	2568132 (16.1)	1172519 (45.66)	968208 (37.70)	427405 (16.64)
agegroup	==4	2654101 (16.7)	2101069 (79.16)	254004 (9.57)	299028 (11.27)
agegroup	==5	2118547 (13.3)	1977715 (93.35)	99545 (4.70)	41287 (1.95)
agegroup	==6	1661381 (10.4)	1607178 (96.74)	36646 (2.21)	17557 (1.06)
agegroup	==7	861132 (5.4)	843653 (97.97)	10848 (1.26)	6631 (0.77)

male	==0	8082916 (50.8)	5391495 (66.70)	2072590 (25.64)	618831 (7.66)
male	==1	7827471 (49.2)	5661376 (72.33)	1618317 (20.67)	547778 (7.00)

bmicat	==1	289830 (1.8)	208314 (71.87)	63572 (21.93)	17944 (6.19)
bmicat	==2	4547664 (28.6)	3150420 (69.28)	1105211 (24.30)	292033 (6.42)
bmicat	==3	4365282 (27.4)	3089017 (70.76)	981034 (22.47)	295231 (6.76)
bmicat	==4	2207596 (13.9)	1568164 (71.03)	481141 (21.79)	158291 (7.17)
bmicat	==5	855696 (5.4)	597720 (69.85)	193307 (22.59)	64669 (7.56)
bmicat	==6	431934 (2.7)	296774 (68.71)	100578 (23.29)	34582 (8.01)
bmicat	>=.	3212385 (20.2)	2142462 (66.69)	766064 (23.85)	303859 (9.46)

smoke	==1	7192556 (45.2)	4918592 (68.38)	1713189 (23.82)	560775 (7.80)
smoke	==2	5029281 (31.6)	3684542 (73.26)	1028450 (20.45)	316289 (6.29)
smoke	==3	2786560 (17.5)	1863632 (66.88)	724485 (26.00)	198443 (7.12)
smoke	>=.	901990 (5.7)	586105 (64.98)	224783 (24.92)	91102 (10.10)

ethnicity	==1	10270484 (64.6)	7294743 (71.03)	2295105 (22.35)	680636 (6.63)
ethnicity	==2	175808 (1.1)	104366 (59.36)	57623 (32.78)	13819 (7.86)
ethnicity	==3	967537 (6.1)	455828 (47.11)	412963 (42.68)	98746 (10.21)
ethnicity	==4	349876 (2.2)	191675 (54.78)	125999 (36.01)	32202 (9.20)
ethnicity	==5	329681 (2.1)	205877 (62.45)	101786 (30.87)	22018 (6.68)
ethnicity	>=.	3817001 (24.0)	2800382 (73.37)	697431 (18.27)	319188 (8.36)

imd	==1	3343330 (21.0)	2388312 (71.44)	688128 (20.58)	266890 (7.98)
imd	==2	3369824 (21.2)	2436615 (72.31)	691806 (20.53)	241403 (7.16)
imd	==3	3244428 (20.4)	2312879 (71.29)	705352 (21.74)	226197 (6.97)
imd	==4	3200159 (20.1)	2166538 (67.70)	803812 (25.12)	229809 (7.18)
imd	==5	2752646 (17.3)	1748527 (63.52)	801809 (29.13)	202310 (7.35)

tot_people_hh	==1	3505503 (22.0)	3505503 (100.00)	0 (0.00)	0 (0.00)
tot_people_hh	==2	4750499 (29.9)	4407311 (92.78)	242827 (5.11)	100361 (2.11)
tot_people_hh	==3	2987206 (18.8)	1799832 (60.25)	852938 (28.55)	334436 (11.20)

bpcat	==1	3529116 (22.2)	2057179 (58.29)	1180705 (33.46)	291232 (8.25)
bpcat	==2	2239967 (14.1)	1535183 (68.54)	545409 (24.35)	159375 (7.12)
bpcat	==3	4884052 (30.7)	3500845 (71.68)	1026239 (21.01)	356968 (7.31)
bpcat	==4	3323746 (20.9)	2669488 (80.32)	453110 (13.63)	201148 (6.05)
bpcat	>=.	1933506 (12.2)	1290176 (66.73)	485444 (25.11)	157886 (8.17)
htdiag_or_highbp	==1	5236726 (32.9)	4352840 (83.12)	602975 (11.51)	280911 (5.36)

chronic_respiratory_disease	==1	652343 (4.1)	591812 (90.72)	39567 (6.07)	20964 (3.21)

asthma	==1	2516931 (15.8)	1686465 (67.00)	633658 (25.18)	196808 (7.82)
asthma	==2	0 (0.0)	0 (   .)	0 (   .)	0 (   .)
chronic_cardiac_disease	==1	1071842 (6.7)	970235 (90.52)	67139 (6.26)	34468 (3.22)
diabetes	==1	1602882 (10.1)	1324588 (82.64)	194605 (12.14)	83689 (5.22)

cancer_haem_cat	==2	8118 (0.1)	7136 (87.90)	685 (8.44)	297 (3.66)
cancer_haem_cat	==3	25181 (0.2)	22213 (88.21)	1981 (7.87)	987 (3.92)
cancer_haem_cat	==4	57149 (0.4)	49040 (85.81)	5656 (9.90)	2453 (4.29)

cancer_exhaem_cat	==2	71536 (0.4)	62762 (87.73)	5735 (8.02)	3039 (4.25)
cancer_exhaem_cat	==3	209163 (1.3)	184345 (88.13)	15983 (7.64)	8835 (4.22)
cancer_exhaem_cat	==4	484785 (3.0)	443376 (91.46)	25944 (5.35)	15465 (3.19)

reduced_kidney_function_cat	==2	827242 (5.2)	788627 (95.33)	24409 (2.95)	14206 (1.72)
reduced_kidney_function_cat	==3	56054 (0.4)	52031 (92.82)	2671 (4.77)	1352 (2.41)
chronic_liver_disease	==1	96844 (0.6)	79831 (82.43)	12334 (12.74)	4679 (4.83)
stroke_dementia	==1	355006 (2.2)	327534 (92.26)	18085 (5.09)	9387 (2.64)
other_neuro	==1	153632 (1.0)	130861 (85.18)	15449 (10.06)	7322 (4.77)
organ_trans	==1	18447 (0.1)	14677 (79.56)	2601 (14.10)	1169 (6.34)
asplenia	==1	22847 (0.1)	18532 (81.11)	3023 (13.23)	1292 (5.66)
ra_sle_psoriasis	==1	805211 (5.1)	601207 (74.66)	150225 (18.66)	53779 (6.68)
other_immuno	==1	44984 (0.3)	32763 (72.83)	9245 (20.55)	2976 (6.62)
shield	==1	3737197 (23.5)	2778767 (74.35)	717898 (19.21)	240532 (6.44)
worms	==1	224248 (1.4)	123653 (55.14)	75009 (33.45)	25586 (11.41)
