cons	==1	11661633 (100.0)	9100842 (100.00)	1654504 (100.00)	906287 (100.00)

agegroup	==1	2590202 (22.2)	2133300 (23.44)	292099 (17.65)	164803 (18.18)
agegroup	==2	2703210 (23.2)	1832045 (20.13)	729422 (44.09)	141743 (15.64)
agegroup	==3	2458941 (21.1)	1605835 (17.64)	487113 (29.44)	365993 (40.38)
agegroup	==4	2598630 (22.3)	2273125 (24.98)	114447 (6.92)	211058 (23.29)
agegroup	==5	1310650 (11.2)	1256537 (13.81)	31423 (1.90)	22690 (2.50)
agegroup	==6	0 (0.0)	0 (0.00)	0 (0.00)	0 (0.00)
agegroup	==7	0 (0.0)	0 (0.00)	0 (0.00)	0 (0.00)

male	==0	5891933 (50.5)	4453897 (48.94)	939779 (56.80)	498257 (54.98)
male	==1	5769700 (49.5)	4646945 (51.06)	714725 (43.20)	408030 (45.02)

bmicat	==1	219615 (1.9)	176434 (1.94)	29221 (1.77)	13960 (1.54)
bmicat	==2	3383773 (29.0)	2640705 (29.02)	506505 (30.61)	236563 (26.10)
bmicat	==3	2990922 (25.6)	2306132 (25.34)	448084 (27.08)	236706 (26.12)
bmicat	==4	1537333 (13.2)	1191675 (13.09)	219358 (13.26)	126300 (13.94)
bmicat	==5	633057 (5.4)	491360 (5.40)	89076 (5.38)	52621 (5.81)
bmicat	==6	343997 (2.9)	268902 (2.95)	46618 (2.82)	28477 (3.14)
bmicat	>=.	2552936 (21.9)	2025634 (22.26)	315642 (19.08)	211660 (23.35)

smoke	==1	5726231 (49.1)	4474254 (49.16)	802651 (48.51)	449326 (49.58)
smoke	==2	3302174 (28.3)	2551753 (28.04)	488066 (29.50)	262355 (28.95)
smoke	==3	2428631 (20.8)	1912349 (21.01)	342439 (20.70)	173843 (19.18)
smoke	>=.	204597 (1.8)	162486 (1.79)	21348 (1.29)	20763 (2.29)

ethnicity	==1	7447428 (63.9)	5861270 (64.40)	1044726 (63.14)	541432 (59.74)
ethnicity	==2	153747 (1.3)	114800 (1.26)	27053 (1.64)	11894 (1.31)
ethnicity	==3	811754 (7.0)	532512 (5.85)	189996 (11.48)	89246 (9.85)
ethnicity	==4	298222 (2.6)	208417 (2.29)	60299 (3.64)	29506 (3.26)
ethnicity	==5	279981 (2.4)	215174 (2.36)	46164 (2.79)	18643 (2.06)
ethnicity	>=.	2670501 (22.9)	2168669 (23.83)	286266 (17.30)	215566 (23.79)

imd	==1	2202080 (18.9)	1719001 (18.89)	297955 (18.01)	185124 (20.43)
imd	==2	2326807 (20.0)	1853924 (20.37)	299894 (18.13)	172989 (19.09)
imd	==3	2363210 (20.3)	1881029 (20.67)	312125 (18.87)	170056 (18.76)
imd	==4	2457892 (21.1)	1922306 (21.12)	352271 (21.29)	183315 (20.23)
imd	==5	2311644 (19.8)	1724582 (18.95)	392259 (23.71)	194803 (21.49)

tot_adults_hh	==1	2849116 (24.4)	2484472 (27.30)	251862 (15.22)	112782 (12.44)
tot_adults_hh	==2	4822208 (41.4)	3469430 (38.12)	931118 (56.28)	421660 (46.53)
tot_adults_hh	==3	3990309 (34.2)	3146940 (34.58)	471524 (28.50)	371845 (41.03)

bpcat	==1	3039378 (26.1)	2229774 (24.50)	558680 (33.77)	250924 (27.69)
bpcat	==2	1680731 (14.4)	1298089 (14.26)	251965 (15.23)	130677 (14.42)
bpcat	==3	3656085 (31.4)	2876919 (31.61)	488386 (29.52)	290780 (32.08)
bpcat	==4	2024773 (17.4)	1666037 (18.31)	207670 (12.55)	151066 (16.67)
bpcat	>=.	1260666 (10.8)	1030023 (11.32)	147803 (8.93)	82840 (9.14)
htdiag_or_highbp	==1	2800875 (24.0)	2335388 (25.66)	263640 (15.93)	201847 (22.27)

chronic_respiratory_disease	==1	228415 (2.0)	202289 (2.22)	13694 (0.83)	12432 (1.37)
asthma	==1	2021387 (17.3)	1552701 (17.06)	300105 (18.14)	168581 (18.60)
chronic_cardiac_disease	==1	332672 (2.9)	289918 (3.19)	22904 (1.38)	19850 (2.19)

diabcat	==1	10915953 (93.6)	8486025 (93.24)	1579480 (95.47)	850448 (93.84)
diabcat	==2	16341 (0.1)	13306 (0.15)	2004 (0.12)	1031 (0.11)
diabcat	==3	49049 (0.4)	40060 (0.44)	5503 (0.33)	3486 (0.38)
diabcat	==4	274782 (2.4)	232138 (2.55)	23353 (1.41)	19291 (2.13)
diabcat	==5	216880 (1.9)	181399 (1.99)	19009 (1.15)	16472 (1.82)
diabcat	==6	5341 (0.0)	4226 (0.05)	714 (0.04)	401 (0.04)

cancer_haem_cat	==2	3026 (0.0)	2566 (0.03)	265 (0.02)	195 (0.02)
cancer_haem_cat	==3	9418 (0.1)	8059 (0.09)	774 (0.05)	585 (0.06)
cancer_haem_cat	==4	24980 (0.2)	20955 (0.23)	2341 (0.14)	1684 (0.19)

cancer_exhaem_cat	==2	28417 (0.2)	24320 (0.27)	2174 (0.13)	1923 (0.21)
cancer_exhaem_cat	==3	81917 (0.7)	70286 (0.77)	6020 (0.36)	5611 (0.62)
cancer_exhaem_cat	==4	145319 (1.2)	127407 (1.40)	9031 (0.55)	8881 (0.98)

reduced_kidney_function_cat	==2	121475 (1.0)	109683 (1.21)	5968 (0.36)	5824 (0.64)
reduced_kidney_function_cat	==3	11871 (0.1)	10324 (0.11)	835 (0.05)	712 (0.08)
esrd	==1	14220 (0.1)	12162 (0.13)	1230 (0.07)	828 (0.09)
chronic_liver_disease	==1	62710 (0.5)	53815 (0.59)	5407 (0.33)	3488 (0.38)
stroke_dementia	==1	91329 (0.8)	80741 (0.89)	5720 (0.35)	4868 (0.54)
other_neuro	==1	81492 (0.7)	70096 (0.77)	6351 (0.38)	5045 (0.56)
other_transplant	==1	2801 (0.0)	2414 (0.03)	199 (0.01)	188 (0.02)
asplenia	==1	13739 (0.1)	11536 (0.13)	1291 (0.08)	912 (0.10)
ra_sle_psoriasis	==1	521211 (4.5)	410818 (4.51)	68060 (4.11)	42333 (4.67)
other_immuno	==1	38634 (0.3)	31582 (0.35)	4347 (0.26)	2705 (0.30)
shield	==1	2461184 (21.1)	1935243 (21.26)	330972 (20.00)	194969 (21.51)
