cons	==1	12079029 (100.0)	7740096 (100.00)	3164072 (100.00)	1174861 (100.00)

agegroup	==1	2853819 (23.6)	1971131 (25.47)	605929 (19.15)	276759 (23.56)
agegroup	==2	2775687 (23.0)	1322870 (17.09)	1336801 (42.25)	116016 (9.87)
agegroup	==3	2500494 (20.7)	1138656 (14.71)	928545 (29.35)	433293 (36.88)
agegroup	==4	2627784 (21.8)	2079577 (26.87)	231434 (7.31)	316773 (26.96)
agegroup	==5	1321245 (10.9)	1227862 (15.86)	61363 (1.94)	32020 (2.73)
agegroup	==6	0 (0.0)	0 (0.00)	0 (0.00)	0 (0.00)
agegroup	==7	0 (0.0)	0 (0.00)	0 (0.00)	0 (0.00)

male	==0	6021568 (49.9)	3612072 (46.67)	1782821 (56.35)	626675 (53.34)
male	==1	6057461 (50.1)	4128024 (53.33)	1381251 (43.65)	548186 (46.66)

bmicat	==1	223915 (1.9)	150781 (1.95)	55183 (1.74)	17951 (1.53)
bmicat	==2	3413982 (28.3)	2173272 (28.08)	949861 (30.02)	290849 (24.76)
bmicat	==3	3007574 (24.9)	1889044 (24.41)	831695 (26.29)	286835 (24.41)
bmicat	==4	1544134 (12.8)	985755 (12.74)	406052 (12.83)	152327 (12.97)
bmicat	==5	635735 (5.3)	408637 (5.28)	164745 (5.21)	62353 (5.31)
bmicat	==6	345174 (2.9)	225106 (2.91)	86409 (2.73)	33659 (2.86)
bmicat	>=.	2908515 (24.1)	1907501 (24.64)	670127 (21.18)	330887 (28.16)

smoke	==1	5740043 (47.5)	3685231 (47.61)	1491957 (47.15)	562855 (47.91)
smoke	==2	3311170 (27.4)	2077945 (26.85)	914024 (28.89)	319201 (27.17)
smoke	==3	2433250 (20.1)	1600495 (20.68)	632469 (19.99)	200286 (17.05)
smoke	>=.	594566 (4.9)	376425 (4.86)	125622 (3.97)	92519 (7.87)

ethnicity	==1	7585860 (62.8)	4921959 (63.59)	1983425 (62.69)	680476 (57.92)
ethnicity	==2	158292 (1.3)	94668 (1.22)	49403 (1.56)	14221 (1.21)
ethnicity	==3	833857 (6.9)	396202 (5.12)	338588 (10.70)	99067 (8.43)
ethnicity	==4	306235 (2.5)	167538 (2.16)	105887 (3.35)	32810 (2.79)
ethnicity	==5	290440 (2.4)	183289 (2.37)	85049 (2.69)	22102 (1.88)
ethnicity	>=.	2904345 (24.0)	1976440 (25.54)	601720 (19.02)	326185 (27.76)

imd	==1	2304876 (19.1)	1462924 (18.90)	581291 (18.37)	260661 (22.19)
imd	==2	2412311 (20.0)	1591163 (20.56)	584956 (18.49)	236192 (20.10)
imd	==3	2481016 (20.5)	1645198 (21.26)	608780 (19.24)	227038 (19.32)
imd	==4	2562911 (21.2)	1649786 (21.31)	682130 (21.56)	230995 (19.66)
imd	==5	2317915 (19.2)	1391025 (17.97)	706915 (22.34)	219975 (18.72)

tot_adults_hh	==1	2871358 (23.8)	2273107 (29.37)	467675 (14.78)	130576 (11.11)
tot_adults_hh	==2	4829125 (40.0)	2640534 (34.12)	1726608 (54.57)	461983 (39.32)
tot_adults_hh	==3	4378546 (36.2)	2826455 (36.52)	969789 (30.65)	582302 (49.56)

bpcat	==1	3099614 (25.7)	1752144 (22.64)	1042579 (32.95)	304891 (25.95)
bpcat	==2	1705332 (14.1)	1068610 (13.81)	475232 (15.02)	161490 (13.75)
bpcat	==3	3695985 (30.6)	2410726 (31.15)	920702 (29.10)	364557 (31.03)
bpcat	==4	2042780 (16.9)	1453530 (18.78)	393497 (12.44)	195753 (16.66)
bpcat	>=.	1535318 (12.7)	1055086 (13.63)	332062 (10.49)	148170 (12.61)
htdiag_or_highbp	==1	2820366 (23.3)	2059267 (26.61)	498584 (15.76)	262515 (22.34)

chronic_respiratory_disease	==1	228692 (1.9)	187328 (2.42)	25683 (0.81)	15681 (1.33)
asthma	==1	2047121 (16.9)	1291136 (16.68)	554911 (17.54)	201074 (17.11)
chronic_cardiac_disease	==1	333912 (2.8)	264621 (3.42)	43373 (1.37)	25918 (2.21)

diabcat	==1	11331840 (93.8)	7198694 (93.01)	3027000 (95.67)	1106146 (94.15)
diabcat	==2	16441 (0.1)	11356 (0.15)	3749 (0.12)	1336 (0.11)
diabcat	==3	49260 (0.4)	34447 (0.45)	10342 (0.33)	4471 (0.38)
diabcat	==4	275000 (2.3)	208643 (2.70)	42597 (1.35)	23760 (2.02)
diabcat	==5	217068 (1.8)	161782 (2.09)	34929 (1.10)	20357 (1.73)
diabcat	==6	5510 (0.0)	3723 (0.05)	1311 (0.04)	476 (0.04)

cancer_haem_cat	==2	3060 (0.0)	2303 (0.03)	509 (0.02)	248 (0.02)
cancer_haem_cat	==3	9515 (0.1)	7261 (0.09)	1471 (0.05)	783 (0.07)
cancer_haem_cat	==4	25249 (0.2)	18618 (0.24)	4463 (0.14)	2168 (0.18)

cancer_exhaem_cat	==2	28589 (0.2)	21825 (0.28)	4165 (0.13)	2599 (0.22)
cancer_exhaem_cat	==3	82363 (0.7)	63132 (0.82)	11693 (0.37)	7538 (0.64)
cancer_exhaem_cat	==4	146078 (1.2)	116024 (1.50)	17716 (0.56)	12338 (1.05)

reduced_kidney_function_cat	==2	121781 (1.0)	102379 (1.32)	11349 (0.36)	8053 (0.69)
reduced_kidney_function_cat	==3	11905 (0.1)	9418 (0.12)	1565 (0.05)	922 (0.08)
esrd	==1	14276 (0.1)	10920 (0.14)	2230 (0.07)	1126 (0.10)
chronic_liver_disease	==1	62903 (0.5)	48640 (0.63)	10036 (0.32)	4227 (0.36)
stroke_dementia	==1	91216 (0.8)	73997 (0.96)	10749 (0.34)	6470 (0.55)
other_neuro	==1	82239 (0.7)	63375 (0.82)	12160 (0.38)	6704 (0.57)
other_transplant	==1	2825 (0.0)	2165 (0.03)	404 (0.01)	256 (0.02)
asplenia	==1	13867 (0.1)	10150 (0.13)	2476 (0.08)	1241 (0.11)
ra_sle_psoriasis	==1	526313 (4.4)	346422 (4.48)	127799 (4.04)	52092 (4.43)
other_immuno	==1	39210 (0.3)	27776 (0.36)	8277 (0.26)	3157 (0.27)
shield	==1	2488984 (20.6)	1638344 (21.17)	614251 (19.41)	236389 (20.12)
