cons	==1	2567671 (100.0)	2481210 (100.00)	58165 (100.00)	28296 (100.00)

agegroup	==1	0 (0.0)	0 (0.00)	0 (0.00)	0 (0.00)
agegroup	==2	0 (0.0)	0 (0.00)	0 (0.00)	0 (0.00)
agegroup	==3	0 (0.0)	0 (0.00)	0 (0.00)	0 (0.00)
agegroup	==4	0 (0.0)	0 (0.00)	0 (0.00)	0 (0.00)
agegroup	==5	609634 (23.7)	578189 (23.30)	22682 (39.00)	8763 (30.97)
agegroup	==6	1300326 (50.6)	1258494 (50.72)	27598 (47.45)	14234 (50.30)
agegroup	==7	657711 (25.6)	644527 (25.98)	7885 (13.56)	5299 (18.73)

male	==0	1384514 (53.9)	1338333 (53.94)	31332 (53.87)	14849 (52.48)
male	==1	1183157 (46.1)	1142877 (46.06)	26833 (46.13)	13447 (47.52)

bmicat	==1	44163 (1.7)	42958 (1.73)	789 (1.36)	416 (1.47)
bmicat	==2	760180 (29.6)	738360 (29.76)	14883 (25.59)	6937 (24.52)
bmicat	==3	949715 (37.0)	919015 (37.04)	20418 (35.10)	10282 (36.34)
bmicat	==4	462119 (18.0)	445225 (17.94)	11400 (19.60)	5494 (19.42)
bmicat	==5	151009 (5.9)	145127 (5.85)	3854 (6.63)	2028 (7.17)
bmicat	==6	58570 (2.3)	56065 (2.26)	1681 (2.89)	824 (2.91)
bmicat	>=.	141915 (5.5)	134460 (5.42)	5140 (8.84)	2315 (8.18)

smoke	==1	1011539 (39.4)	969700 (39.08)	29086 (50.01)	12753 (45.07)
smoke	==2	1336686 (52.1)	1301772 (52.47)	22475 (38.64)	12439 (43.96)
smoke	==3	213854 (8.3)	205070 (8.26)	5893 (10.13)	2891 (10.22)
smoke	>=.	5592 (0.2)	4668 (0.19)	711 (1.22)	213 (0.75)

ethnicity	==1	2419165 (94.2)	2362620 (95.22)	36022 (61.93)	20523 (72.53)
ethnicity	==2	9797 (0.4)	8670 (0.35)	760 (1.31)	367 (1.30)
ethnicity	==3	90017 (3.5)	67805 (2.73)	16729 (28.76)	5483 (19.38)
ethnicity	==4	27290 (1.1)	23616 (0.95)	2531 (4.35)	1143 (4.04)
ethnicity	==5	21402 (0.8)	18499 (0.75)	2123 (3.65)	780 (2.76)
ethnicity	>=.	0 (0.0)	0 (0.00)	0 (0.00)	0 (0.00)

imd	==1	618192 (24.1)	602937 (24.30)	9811 (16.87)	5444 (19.24)
imd	==2	596748 (23.2)	580549 (23.40)	10773 (18.52)	5426 (19.18)
imd	==3	548147 (21.3)	530203 (21.37)	11944 (20.53)	6000 (21.20)
imd	==4	460588 (17.9)	441284 (17.79)	13271 (22.82)	6033 (21.32)
imd	==5	343996 (13.4)	326237 (13.15)	12366 (21.26)	5393 (19.06)

tot_adults_hh	==1	877922 (34.2)	874751 (35.26)	1663 (2.86)	1508 (5.33)
tot_adults_hh	==2	1319765 (51.4)	1303437 (52.53)	9341 (16.06)	6987 (24.69)
tot_adults_hh	==3	369984 (14.4)	303022 (12.21)	47161 (81.08)	19801 (69.98)

bpcat	==1	298019 (11.6)	287358 (11.58)	7296 (12.54)	3365 (11.89)
bpcat	==2	400138 (15.6)	386920 (15.59)	8935 (15.36)	4283 (15.14)
bpcat	==3	947144 (36.9)	915718 (36.91)	21174 (36.40)	10252 (36.23)
bpcat	==4	909480 (35.4)	880644 (35.49)	18968 (32.61)	9868 (34.87)
bpcat	>=.	12890 (0.5)	10570 (0.43)	1792 (3.08)	528 (1.87)
htdiag_or_highbp	==1	1769252 (68.9)	1711606 (68.98)	38244 (65.75)	19402 (68.57)

chronic_respiratory_disease	==1	317732 (12.4)	308239 (12.42)	6048 (10.40)	3445 (12.17)
asthma	==1	347416 (13.5)	334967 (13.50)	8395 (14.43)	4054 (14.33)
chronic_cardiac_disease	==1	536239 (20.9)	518877 (20.91)	11355 (19.52)	6007 (21.23)

diabcat	==1	2103299 (81.9)	2040001 (82.22)	42106 (72.39)	21192 (74.89)
diabcat	==2	3270 (0.1)	3174 (0.13)	62 (0.11)	34 (0.12)
diabcat	==3	6772 (0.3)	6580 (0.27)	119 (0.20)	73 (0.26)
diabcat	==4	311147 (12.1)	296882 (11.97)	9798 (16.85)	4467 (15.79)
diabcat	==5	141345 (5.5)	132921 (5.36)	5944 (10.22)	2480 (8.76)
diabcat	==6	1838 (0.1)	1652 (0.07)	136 (0.23)	50 (0.18)

cancer_haem_cat	==2	3661 (0.1)	3563 (0.14)	62 (0.11)	36 (0.13)
cancer_haem_cat	==3	11073 (0.4)	10776 (0.43)	189 (0.32)	108 (0.38)
cancer_haem_cat	==4	22672 (0.9)	22089 (0.89)	387 (0.67)	196 (0.69)

cancer_exhaem_cat	==2	30875 (1.2)	30042 (1.21)	557 (0.96)	276 (0.98)
cancer_exhaem_cat	==3	91267 (3.6)	88872 (3.58)	1578 (2.71)	817 (2.89)
cancer_exhaem_cat	==4	243542 (9.5)	238178 (9.60)	3378 (5.81)	1986 (7.02)

reduced_kidney_function_cat	==2	535850 (20.9)	521234 (21.01)	9334 (16.05)	5282 (18.67)
reduced_kidney_function_cat	==3	39509 (1.5)	38103 (1.54)	939 (1.61)	467 (1.65)
esrd	==1	6279 (0.2)	5922 (0.24)	249 (0.43)	108 (0.38)
chronic_liver_disease	==1	24604 (1.0)	23696 (0.96)	609 (1.05)	299 (1.06)
stroke_dementia	==1	187946 (7.3)	182242 (7.34)	3733 (6.42)	1971 (6.97)
other_neuro	==1	50577 (2.0)	49058 (1.98)	1018 (1.75)	501 (1.77)
other_transplant	==1	825 (0.0)	774 (0.03)	34 (0.06)	17 (0.06)
asplenia	==1	6355 (0.2)	6190 (0.25)	99 (0.17)	66 (0.23)
ra_sle_psoriasis	==1	199014 (7.8)	193236 (7.79)	3755 (6.46)	2023 (7.15)
other_immuno	==1	5235 (0.2)	5030 (0.20)	135 (0.23)	70 (0.25)
shield	==1	903291 (35.2)	876412 (35.32)	17581 (30.23)	9298 (32.86)
anycomorb	==1	1554606 (60.5)	1502301 (60.55)	34800 (59.83)	17505 (61.86)
