cons	==1	9157814 (100.0)	5738498 (100.00)	2568901 (100.00)	850415 (100.00)

agegroup	==1	1947216 (21.3)	1339507 (23.34)	447691 (17.43)	160018 (18.82)
agegroup	==2	2202357 (24.0)	1008794 (17.58)	1105180 (43.02)	88383 (10.39)
agegroup	==3	1991653 (21.7)	877932 (15.30)	778576 (30.31)	335145 (39.41)
agegroup	==4	2012258 (22.0)	1581524 (27.56)	188351 (7.33)	242383 (28.50)
agegroup	==5	1004330 (11.0)	930741 (16.22)	49103 (1.91)	24486 (2.88)
agegroup	==6	0 (0.0)	0 (0.00)	0 (0.00)	0 (0.00)
agegroup	==7	0 (0.0)	0 (0.00)	0 (0.00)	0 (0.00)

male	==0	4714908 (51.5)	2778251 (48.41)	1468018 (57.15)	468639 (55.11)
male	==1	4442906 (48.5)	2960247 (51.59)	1100883 (42.85)	381776 (44.89)

bmicat	==1	178486 (1.9)	119297 (2.08)	46178 (1.80)	13011 (1.53)
bmicat	==2	2843580 (31.1)	1791862 (31.23)	819925 (31.92)	231793 (27.26)
bmicat	==3	2497554 (27.3)	1545999 (26.94)	717998 (27.95)	233557 (27.46)
bmicat	==4	1252559 (13.7)	787144 (13.72)	343727 (13.38)	121688 (14.31)
bmicat	==5	505136 (5.5)	319669 (5.57)	136592 (5.32)	48875 (5.75)
bmicat	==6	270158 (3.0)	173390 (3.02)	70850 (2.76)	25918 (3.05)
bmicat	>=.	1610341 (17.6)	1001137 (17.45)	433631 (16.88)	175573 (20.65)

smoke	==1	4405852 (48.1)	2757196 (48.05)	1234664 (48.06)	413992 (48.68)
smoke	==2	2636324 (28.8)	1629388 (28.39)	760180 (29.59)	246756 (29.02)
smoke	==3	1869068 (20.4)	1208623 (21.06)	510614 (19.88)	149831 (17.62)
smoke	>=.	246570 (2.7)	143291 (2.50)	63443 (2.47)	39836 (4.68)

ethnicity	==1	7569454 (82.7)	4901365 (85.41)	1986318 (77.32)	681771 (80.17)
ethnicity	==2	158349 (1.7)	94318 (1.64)	49785 (1.94)	14246 (1.68)
ethnicity	==3	832720 (9.1)	393138 (6.85)	340500 (13.25)	99082 (11.65)
ethnicity	==4	306539 (3.3)	166789 (2.91)	106666 (4.15)	33084 (3.89)
ethnicity	==5	290752 (3.2)	182888 (3.19)	85632 (3.33)	22232 (2.61)
ethnicity	>=.	0 (0.0)	0 (0.00)	0 (0.00)	0 (0.00)

imd	==1	1684917 (18.4)	1033896 (18.02)	470250 (18.31)	180771 (21.26)
imd	==2	1805617 (19.7)	1165046 (20.30)	473081 (18.42)	167490 (19.70)
imd	==3	1874964 (20.5)	1219743 (21.26)	491526 (19.13)	163695 (19.25)
imd	==4	1976632 (21.6)	1250521 (21.79)	554876 (21.60)	171235 (20.14)
imd	==5	1815684 (19.8)	1069292 (18.63)	579168 (22.55)	167224 (19.66)

tot_adults_hh	==1	2226830 (24.3)	1750754 (30.51)	376825 (14.67)	99251 (11.67)
tot_adults_hh	==2	3779868 (41.3)	2013500 (35.09)	1421964 (55.35)	344404 (40.50)
tot_adults_hh	==3	3151116 (34.4)	1974244 (34.40)	770112 (29.98)	406760 (47.83)

bpcat	==1	2440215 (26.6)	1347688 (23.49)	866256 (33.72)	226271 (26.61)
bpcat	==2	1324098 (14.5)	814512 (14.19)	390162 (15.19)	119424 (14.04)
bpcat	==3	2878905 (31.4)	1844169 (32.14)	759199 (29.55)	275537 (32.40)
bpcat	==4	1549272 (16.9)	1082545 (18.86)	320825 (12.49)	145902 (17.16)
bpcat	>=.	965324 (10.5)	649584 (11.32)	232459 (9.05)	83281 (9.79)
htdiag_or_highbp	==1	2156211 (23.5)	1548682 (26.99)	409471 (15.94)	198058 (23.29)

chronic_respiratory_disease	==1	184872 (2.0)	150741 (2.63)	21629 (0.84)	12502 (1.47)
asthma	==1	1574912 (17.2)	977849 (17.04)	448542 (17.46)	148521 (17.46)
chronic_cardiac_disease	==1	259057 (2.8)	203191 (3.54)	35929 (1.40)	19937 (2.34)

diabcat	==1	8712703 (95.1)	5412597 (94.32)	2489806 (96.92)	810300 (95.28)
diabcat	==2	12483 (0.1)	8459 (0.15)	3089 (0.12)	935 (0.11)
diabcat	==3	37382 (0.4)	25807 (0.45)	8412 (0.33)	3163 (0.37)
diabcat	==4	219161 (2.4)	162903 (2.84)	36861 (1.43)	19397 (2.28)
diabcat	==5	171932 (1.9)	126000 (2.20)	29659 (1.15)	16273 (1.91)
diabcat	==6	4153 (0.0)	2732 (0.05)	1074 (0.04)	347 (0.04)

cancer_haem_cat	==2	2349 (0.0)	1733 (0.03)	420 (0.02)	196 (0.02)
cancer_haem_cat	==3	7332 (0.1)	5538 (0.10)	1211 (0.05)	583 (0.07)
cancer_haem_cat	==4	19225 (0.2)	14017 (0.24)	3595 (0.14)	1613 (0.19)

cancer_exhaem_cat	==2	22171 (0.2)	16737 (0.29)	3454 (0.13)	1980 (0.23)
cancer_exhaem_cat	==3	64176 (0.7)	48734 (0.85)	9648 (0.38)	5794 (0.68)
cancer_exhaem_cat	==4	113243 (1.2)	89421 (1.56)	14406 (0.56)	9416 (1.11)

reduced_kidney_function_cat	==2	93017 (1.0)	77514 (1.35)	9300 (0.36)	6203 (0.73)
reduced_kidney_function_cat	==3	9067 (0.1)	7063 (0.12)	1298 (0.05)	706 (0.08)
esrd	==1	10815 (0.1)	8153 (0.14)	1827 (0.07)	835 (0.10)
chronic_liver_disease	==1	51404 (0.6)	39107 (0.68)	8860 (0.34)	3437 (0.40)
stroke_dementia	==1	71425 (0.8)	57346 (1.00)	9030 (0.35)	5049 (0.59)
other_neuro	==1	63572 (0.7)	48570 (0.85)	9977 (0.39)	5025 (0.59)
other_transplant	==1	2103 (0.0)	1612 (0.03)	317 (0.01)	174 (0.02)
asplenia	==1	10867 (0.1)	7818 (0.14)	2080 (0.08)	969 (0.11)
ra_sle_psoriasis	==1	409631 (4.5)	265742 (4.63)	104306 (4.06)	39583 (4.65)
other_immuno	==1	32745 (0.4)	22907 (0.40)	7280 (0.28)	2558 (0.30)
shield	==1	1922340 (21.0)	1248677 (21.76)	497917 (19.38)	175746 (20.67)
anycomorb	==1	2747911 (30.0)	1824629 (31.80)	671397 (26.14)	251885 (29.62)
